Keuwl Accelerometer Data File
2023-11-03 01:51:20

Time (s), X (m/s2), Y (m/s2), Z (m/s2), R (m/s2), Theta (deg), Phi (deg)
0.0000000,0.264843,-0.330610,0.451651,0.396793,-2.051849,-19.514877
0.0199892,0.693406,-0.263572,0.018300,0.008578,0.261456,-31.849586
0.0400086,0.734107,-0.163016,-0.269004,-0.261669,1.073023,-29.759563
0.0599975,0.425255,-0.347369,-0.185206,-0.226054,-1.097172,-26.548058
0.0799867,0.058942,-0.548482,0.061396,-0.017715,-3.570496,-17.673046
0.1000061,-0.000913,-0.627491,0.238567,0.152406,-4.216110,-17.678356
0.1199951,0.238507,-0.615520,0.183500,0.109888,-3.177497,-31.179688
0.1400147,0.358217,-0.517358,0.157165,0.097198,-2.268828,-31.173470
0.1600037,0.408496,-0.445532,0.061396,0.010389,-1.721262,-29.848831
0.1799926,0.377371,-0.438349,-0.046343,-0.098704,-1.763999,-28.384922
0.2000122,0.281603,-0.402436,-0.029584,-0.086381,-2.025561,-22.977879
0.2200012,0.300756,-0.502993,0.049425,-0.013275,-2.407933,-28.169079
0.2399902,0.420467,-0.479051,0.233779,0.180587,-1.895384,-31.728134
0.2600098,0.348641,-0.512569,0.128433,0.068184,-2.278001,-30.575554
0.2799988,0.269632,-0.488627,-0.053526,-0.116968,-2.426663,-26.144714
0.2998094,0.226536,-0.471868,-0.015219,-0.080478,-2.554189,-23.388954
0.3198289,0.291180,-0.481445,0.068579,0.006514,-2.373367,-26.766685
0.3398178,0.315122,-0.471868,0.133222,0.073132,-2.269651,-27.354595
0.3598374,0.315122,-0.522146,0.032665,-0.030145,-2.410248,-29.678566
0.3798264,0.329487,-0.471868,0.030272,-0.028324,-2.150238,-27.947685
0.3998154,0.324698,-0.455108,0.027877,-0.029931,-2.102393,-27.014420
0.4198350,0.310333,-0.455108,0.015906,-0.042858,-2.156270,-26.416046
0.4398240,0.334275,-0.452714,0.109280,0.051924,-2.099093,-27.302391
0.4598129,0.319910,-0.486233,0.099703,0.039172,-2.287190,-28.200165
0.4798325,0.312727,-0.457503,0.090126,0.031017,-2.198176,-26.620972
0.4998215,0.382159,-0.428772,0.042242,-0.009562,-1.759935,-28.165516
0.5198106,0.327093,-0.469474,0.001541,-0.056931,-2.134489,-27.743397
0.5398301,0.260055,-0.412013,0.037454,-0.021785,-2.191041,-22.405151
0.5598190,0.298362,-0.514964,0.090126,0.026348,-2.487131,-28.631489
0.5798082,0.255267,-0.524540,0.090126,0.022922,-2.709891,-27.188297
0.5998276,0.255267,-0.493416,0.049425,-0.015693,-2.562277,-25.714020
0.6198165,0.351035,-0.467079,0.003935,-0.052643,-2.022510,-28.601231
0.6398362,0.401313,-0.392859,0.106886,0.058785,-1.576295,-27.424240
0.6598252,0.379765,-0.452714,0.066184,0.012419,-1.878045,-29.088154
0.6798141,0.226536,-0.491022,-0.008036,-0.074574,-2.640100,-24.255627
0.6998337,0.197806,-0.548482,-0.003247,-0.075047,-3.002672,-25.614784
0.7198227,0.221748,-0.517358,0.133222,0.064211,-2.842206,-25.262623
0.7398116,0.343852,-0.467079,0.176318,0.118377,-2.152832,-28.315807
0.7598312,0.372583,-0.483839,0.018300,-0.037827,-2.000314,-30.182812
0.7798203,0.274420,-0.412013,-0.065496,-0.123298,-2.074730,-23.048347
0.7998094,0.312727,-0.471868,0.011118,-0.048577,-2.211271,-27.254452
0.8198289,0.291180,-0.510175,0.109280,0.045228,-2.509700,-28.096214
0.8398178,0.303151,-0.481445,0.171530,0.109826,-2.379064,-27.280281
0.8598374,0.319910,-0.488627,0.025483,-0.034863,-2.255132,-28.309208
0.8798264,0.262449,-0.433561,-0.048738,-0.108953,-2.225959,-23.403492
0.8998153,0.303151,-0.467079,0.011118,-0.048927,-2.232607,-26.637337
0.9198350,0.260055,-0.476656,0.109280,0.045300,-2.505134,-25.168728
0.9398240,0.317516,-0.467079,0.173923,0.114127,-2.263174,-27.241810
0.9598128,0.298362,-0.474262,0.073367,0.012236,-2.316800,-26.752697
0.9798325,0.267238,-0.447926,-0.070285,-0.131087,-2.256061,-24.229977
0.9998215,0.267238,-0.445532,-0.020007,-0.080873,-2.274273,-24.127220
1.0198107,0.295968,-0.479051,0.073367,0.011761,-2.346171,-26.865112
1.0398301,0.341458,-0.445532,0.154770,0.098194,-2.066333,-27.283562
1.0598190,0.324698,-0.502993,0.102098,0.040836,-2.332751,-29.168152
1.0798082,0.228930,-0.476656,0.030272,-0.035340,-2.589355,-23.717609
1.0998276,0.252872,-0.498204,-0.012824,-0.078145,-2.558874,-25.826118
1.1198165,0.281603,-0.481445,0.037454,-0.025120,-2.396667,-26.348751
1.1398361,0.379765,-0.431166,0.118856,0.066289,-1.826031,-28.174438
1.1598251,0.406101,-0.443137,0.092521,0.041316,-1.741874,-29.660160
1.1798141,0.276814,-0.469474,-0.008036,-0.069943,-2.342360,-25.599953
1.1998338,0.243296,-0.507781,0.023088,-0.043589,-2.657487,-25.831345
1.2198226,0.236113,-0.550877,0.061396,-0.008459,-2.882109,-27.606064
1.2398117,0.221748,-0.464685,0.121251,0.055623,-2.614321,-22.840919
1.2598313,0.343852,-0.469474,0.051819,-0.005681,-2.091007,-28.421574
1.2798202,0.331881,-0.419195,-0.010430,-0.065031,-1.902966,-25.788483
1.2998093,0.379765,-0.440743,0.030272,-0.022486,-1.809917,-28.577312
1.3198289,0.307939,-0.491022,0.097309,0.035649,-2.356058,-27.919094
1.3398178,0.231325,-0.464685,0.090126,0.025207,-2.560273,-23.299484
1.3598374,0.279209,-0.498204,0.025483,-0.038273,-2.468297,-27.012505
1.3798264,0.281603,-0.426378,0.109280,0.050097,-2.208083,-23.956566
1.3998152,0.336670,-0.469474,0.094914,0.036686,-2.146770,-28.133080
1.4198350,0.279209,-0.476656,0.006330,-0.055956,-2.369974,-26.027119
1.4398240,0.216959,-0.495810,-0.012824,-0.080234,-2.696904,-24.013180
1.4598129,0.295968,-0.510175,0.023088,-0.040275,-2.442613,-28.302135
1.4798325,0.327093,-0.409619,0.126040,0.071081,-1.964177,-25.199833
1.4998215,0.377371,-0.467079,0.049425,-0.005397,-1.933660,-29.621243
1.5198107,0.238507,-0.479051,0.008723,-0.056363,-2.549394,-24.279472
1.5398301,0.240901,-0.541300,0.068579,-0.000447,-2.827036,-27.348740
1.5598190,0.238507,-0.498204,0.149981,0.083109,-2.703277,-25.157284
1.5798082,0.303151,-0.471868,0.049425,-0.011113,-2.273628,-26.850132
1.5998276,0.298362,-0.397648,-0.048738,-0.103942,-1.926409,-23.511890
1.6198165,0.358217,-0.464685,0.032665,-0.023361,-1.998641,-28.778328
1.6398361,0.269632,-0.486233,0.104491,0.040533,-2.502440,-26.035183
1.6598251,0.233719,-0.488627,0.104491,0.038105,-2.659530,-24.488567
1.6798141,0.281603,-0.502993,0.023088,-0.040799,-2.476031,-27.341263
1.6998336,0.267238,-0.431166,0.042242,-0.017912,-2.248065,-23.518715
1.7198226,0.317516,-0.471868,0.047030,-0.012495,-2.211164,-27.454365
1.7398117,0.305545,-0.479051,0.056607,-0.004268,-2.296322,-27.273754
1.7598312,0.272026,-0.443137,0.047030,-0.013661,-2.282378,-24.239197
1.7798202,0.305545,-0.498204,0.042242,-0.019795,-2.364396,-28.149254
1.7998093,0.281603,-0.476656,0.099703,0.037170,-2.411093,-26.132614
1.8198289,0.334275,-0.457503,0.068579,0.011099,-2.094684,-27.510273
1.8398178,0.286391,-0.443137,0.015906,-0.043685,-2.206313,-24.873146
1.8598374,0.300756,-0.426378,0.008723,-0.048683,-2.072932,-24.786335
1.8798263,0.327093,-0.426378,0.003935,-0.051595,-1.961124,-25.890156
1.8998153,0.272026,-0.479051,0.061396,-0.001760,-2.439951,-25.816139
1.9198350,0.269632,-0.505387,0.126040,0.060788,-2.591143,-26.923000
1.9398240,0.307939,-0.479051,0.087732,0.026883,-2.303380,-27.374954
1.9598128,0.322304,-0.450320,0.006330,-0.051219,-2.080681,-26.708221
1.9798325,0.327093,-0.443137,-0.020007,-0.076589,-2.015695,-26.597286
1.9998215,0.307939,-0.445532,0.063790,0.005283,-2.154515,-25.901443
2.0198107,0.298362,-0.476656,0.166741,0.105041,-2.377603,-26.860085
2.0398300,0.298362,-0.450320,0.116463,0.056726,-2.243502,-25.699753
2.0598190,0.272026,-0.438349,-0.034372,-0.094358,-2.216021,-24.035530
2.0798082,0.255267,-0.479051,-0.058314,-0.122052,-2.444240,-25.057953
2.0998278,0.257661,-0.507781,0.047030,-0.018826,-2.609776,-26.494835
2.1198165,0.374977,-0.464685,0.188289,0.132740,-2.016380,-29.425323
2.1398361,0.339064,-0.467079,0.092521,0.034634,-2.125759,-28.123764
2.1598251,0.300756,-0.450320,-0.017612,-0.076558,-2.157533,-25.802246
2.1798141,0.291180,-0.464685,-0.015219,-0.075806,-2.258383,-26.017365
2.1998339,0.283997,-0.457503,0.047030,-0.013844,-2.293588,-25.388908
2.2198229,0.286391,-0.455108,0.092521,0.031763,-2.299094,-25.389290
2.2398114,0.348641,-0.502993,0.059002,-0.000335,-2.203092,-30.129116
2.2598312,0.281603,-0.469474,0.092521,0.030489,-2.377859,-25.811371
2.2798202,0.307939,-0.483839,0.061396,0.000356,-2.307813,-27.591461
2.2998092,0.250478,-0.433561,0.018300,-0.042994,-2.311529,-22.857586
2.3198287,0.272026,-0.479051,-0.000854,-0.063742,-2.405986,-25.816139
2.3398178,0.269632,-0.498204,0.037454,-0.026986,-2.515320,-26.586948
2.3598373,0.331881,-0.476656,0.128433,0.069235,-2.214390,-28.258919
2.3798263,0.341458,-0.455108,0.087732,0.030839,-2.065608,-27.696251
2.3998156,0.276814,-0.445532,0.023088,-0.037342,-2.259598,-24.554462
2.4198351,0.250478,-0.457503,-0.017612,-0.080396,-2.394725,-23.881626
2.4398239,0.200200,-0.476656,0.049425,-0.017985,-2.713123,-22.313824
2.4598129,0.252872,-0.498204,0.142798,0.076852,-2.640676,-25.826118
2.4798324,0.317516,-0.486233,0.097309,0.036621,-2.296178,-28.100948
2.4998214,0.310333,-0.464685,0.063790,0.004159,-2.222337,-26.835468
2.5198104,0.336670,-0.459897,-0.015219,-0.072276,-2.045205,-27.711746
2.5398300,0.300756,-0.459897,-0.003247,-0.062911,-2.205251,-26.218876
2.5598190,0.257661,-0.481445,0.075761,0.011456,-2.516895,-25.275799
2.5798082,0.243296,-0.486233,0.097309,0.031699,-2.606876,-24.830025
2.5998275,0.276814,-0.488627,0.092521,0.028931,-2.475845,-26.464676
2.6198165,0.336670,-0.447926,0.042242,-0.014288,-2.030980,-27.193027
2.6398361,0.310333,-0.438349,0.047030,-0.010736,-2.105452,-25.696110
2.6598251,0.319910,-0.431166,0.011118,-0.045298,-2.015113,-25.793629
2.6798141,0.274420,-0.467079,0.030272,-0.031805,-2.363522,-25.387352
2.6998339,0.279209,-0.514964,0.106886,0.041752,-2.578530,-27.801830
2.7198229,0.255267,-0.493416,0.097309,0.031998,-2.587492,-25.714020
2.7398114,0.310333,-0.438349,0.023088,-0.034562,-2.091631,-25.696110
2.7598312,0.310333,-0.416801,0.013512,-0.042572,-1.996356,-24.796173
2.7798202,0.286391,-0.479051,0.037454,-0.024643,-2.366765,-26.450264
2.7998092,0.276814,-0.476656,0.080549,0.017782,-2.420621,-25.921227
2.8198287,0.358217,-0.486233,0.092521,0.034793,-2.116276,-29.737503
2.8398178,0.283997,-0.450320,0.047030,-0.013357,-2.263710,-25.076962
2.8598373,0.267238,-0.464685,0.006330,-0.055956,-2.369974,-24.960186
2.8798263,0.245690,-0.452714,0.082944,0.019748,-2.448309,-23.452076
2.8998156,0.312727,-0.502993,0.116463,0.054298,-2.392673,-28.673485
2.9198351,0.291180,-0.471868,0.054214,-0.007164,-2.326669,-26.336178
2.9398239,0.339064,-0.457503,-0.017612,-0.074321,-2.023881,-27.703972
2.9598131,0.298362,-0.426378,0.044637,-0.013109,-2.103575,-24.683872
2.9798324,0.269632,-0.476656,0.111674,0.048304,-2.467109,-25.601151
2.9998214,0.281603,-0.474262,0.073367,0.011105,-2.387035,-26.025139
3.0198104,0.300756,-0.471868,0.003935,-0.056561,-2.258169,-26.748104
3.0398300,0.252872,-0.486233,0.023088,-0.041614,-2.528345,-25.274128
3.0598190,0.260055,-0.464685,0.109280,0.046083,-2.455421,-24.635353
3.0798082,0.339064,-0.467079,0.104491,0.046547,-2.132567,-28.123764
3.0998275,0.281603,-0.419195,0.011118,-0.047092,-2.121573,-23.659184
3.1198165,0.279209,-0.505387,-0.022401,-0.086407,-2.471233,-27.348297
3.1398361,0.238507,-0.486233,0.037454,-0.028215,-2.594986,-24.605419
3.1598251,0.315122,-0.505387,0.111674,0.049549,-2.388938,-28.884991
3.1798141,0.286391,-0.481445,0.152376,0.089626,-2.438990,-26.558510
3.1998339,0.324698,-0.467079,0.087732,0.028839,-2.184513,-27.539059
3.2198226,0.295968,-0.409619,-0.005642,-0.062107,-2.013061,-23.891392
3.2398117,0.295968,-0.455108,-0.022401,-0.081981,-2.194643,-25.804478
3.2598312,0.226536,-0.510175,0.039848,-0.028083,-2.745563,-25.150570
3.2798202,0.252872,-0.529329,0.121251,0.053489,-2.755021,-27.311954
3.2998095,0.319910,-0.493416,0.195472,0.134059,-2.367640,-28.528431
3.3198290,0.336670,-0.423984,0.037454,-0.017388,-1.931264,-26.181564
3.3398175,0.315122,-0.431166,-0.142111,-0.198093,-1.943791,-25.593994
3.3598373,0.216959,-0.483839,-0.060708,-0.127156,-2.620247,-23.464340
3.3798263,0.252872,-0.505387,0.221807,0.155107,-2.710202,-26.162445
3.3998153,0.343852,-0.495810,0.262509,0.202340,-2.310050,-29.608562
3.4198349,0.317516,-0.452714,0.006330,-0.051722,-2.110670,-26.612965
3.4398239,0.250478,-0.435955,-0.130140,-0.190928,-2.237980,-22.958225
3.4598129,0.240901,-0.445532,0.003935,-0.058733,-2.393369,-22.920292
3.4798324,0.272026,-0.476656,0.166741,0.103293,-2.486721,-25.708241
3.4998214,0.272026,-0.488627,0.152376,0.088223,-2.527630,-26.251774
3.5198104,0.293574,-0.474262,-0.012824,-0.073895,-2.288915,-26.546768
3.5398300,0.252872,-0.455108,-0.034372,-0.096766,-2.365453,-23.887650
3.5598190,0.298362,-0.450320,0.020695,-0.038597,-2.189487,-25.699753
3.5798082,0.274420,-0.450320,0.087732,0.026525,-2.325475,-24.654217
3.5998275,0.315122,-0.483839,0.114068,0.053290,-2.306299,-27.892620
3.6198165,0.283997,-0.474262,0.114068,0.051788,-2.399197,-26.130249
3.6398361,0.283997,-0.467079,0.025483,-0.035934,-2.321172,-25.810200
3.6598251,0.260055,-0.428772,-0.039161,-0.099238,-2.220278,-23.094685
3.6798141,0.279209,-0.483839,-0.010430,-0.073111,-2.390183,-26.351952
3.6998339,0.233719,-0.505387,0.154770,0.087138,-2.754824,-25.267189
3.7198226,0.272026,-0.505387,0.118856,0.053790,-2.577316,-27.029953
3.7398114,0.307939,-0.438349,0.015906,-0.041877,-2.097461,-25.595058
3.7598312,0.334275,-0.431166,-0.000854,-0.056179,-1.947849,-26.384190
3.7798202,0.286391,-0.450320,0.070972,0.010636,-2.267253,-25.181702
3.7998092,0.300756,-0.486233,0.116463,0.054530,-2.378260,-27.395767
3.8198285,0.264843,-0.493416,0.054214,-0.010305,-2.524888,-26.149681
3.8398175,0.185835,-0.459897,-0.024796,-0.091636,-2.655754,-20.852097
3.8598373,0.248084,-0.488627,0.027877,-0.037304,-2.560651,-25.162468
3.8798263,0.305545,-0.469474,0.104491,0.044025,-2.284568,-26.845207
3.8998156,0.351035,-0.467079,0.087732,0.030742,-2.071308,-28.601231
3.9198351,0.295968,-0.483839,0.042242,-0.019537,-2.348278,-27.081856
3.9398239,0.248084,-0.512569,0.025483,-0.041198,-2.658374,-26.281559
3.9598131,0.298362,-0.476656,0.051819,-0.009372,-2.314452,-26.860085
3.9798324,0.295968,-0.447926,0.097309,0.037661,-2.232820,-25.493652
3.9998214,0.286391,-0.488627,0.047030,-0.015727,-2.410872,-26.885612
4.0198107,0.245690,-0.467079,0.030272,-0.033664,-2.481019,-24.080570
4.0398297,0.279209,-0.476656,0.042242,-0.020200,-2.389707,-26.027119
4.0598187,0.286391,-0.481445,0.133222,0.070554,-2.428655,-26.558510
4.0798082,0.336670,-0.459897,0.020695,-0.036539,-2.066195,-27.711746
4.0998278,0.291180,-0.447926,0.023088,-0.036541,-2.210669,-25.286808
4.1198168,0.250478,-0.500598,0.063790,-0.002144,-2.619253,-25.827412
4.1398358,0.231325,-0.476656,0.116463,0.050652,-2.624993,-23.831764
4.1598248,0.291180,-0.500598,0.059002,-0.004243,-2.444905,-27.646618
4.1798139,0.240901,-0.462291,0.001541,-0.062255,-2.464324,-23.646042
4.1998339,0.300756,-0.471868,0.047030,-0.013661,-2.282378,-26.748104
4.2198229,0.329487,-0.471868,0.126040,0.066993,-2.204578,-27.947685
4.2398119,0.303151,-0.450320,0.118856,0.059436,-2.225071,-25.904366
4.2598310,0.245690,-0.486233,-0.003247,-0.068298,-2.543888,-24.941689
4.2798200,0.243296,-0.481445,-0.005642,-0.070524,-2.532292,-24.612247
4.2998090,0.264843,-0.491022,0.039848,-0.024458,-2.507379,-26.039310
4.3198290,0.315122,-0.452714,0.102098,0.043421,-2.175599,-26.513042
4.3398180,0.384554,-0.479051,0.070972,0.015807,-1.959904,-30.420761
4.3598375,0.291180,-0.457503,0.061396,0.000940,-2.271872,-25.702000
4.3798265,0.260055,-0.500598,0.047030,-0.018223,-2.570454,-26.266380
4.3998151,0.214565,-0.495810,0.070972,0.003098,-2.749760,-23.896179
4.4198346,0.319910,-0.471868,0.063790,0.004355,-2.210421,-27.553764
4.4398236,0.327093,-0.438349,0.066184,0.009505,-2.046719,-26.393509
4.4598126,0.300756,-0.412013,0.039848,-0.016687,-2.030603,-24.193970
4.4798326,0.207383,-0.471868,0.049425,-0.017249,-2.664196,-22.457230
4.4998217,0.185835,-0.541300,0.027877,-0.044301,-3.037227,-24.642189
4.5198102,0.262449,-0.541300,0.051819,-0.015772,-2.725801,-28.339016
4.5398302,0.382159,-0.471868,0.099703,0.044675,-1.960446,-30.012791
4.5598192,0.403707,-0.419195,0.051819,0.002321,-1.635046,-28.575119
4.5798082,0.281603,-0.445532,0.008723,-0.051321,-2.231860,-24.765797
4.5998273,0.166681,-0.467079,0.042242,-0.026413,-2.795134,-20.173756
4.6198163,0.264843,-0.526935,0.066184,-0.000455,-2.666203,-27.739391
4.6398358,0.281603,-0.505387,0.138010,0.073495,-2.546942,-27.453579
4.6598248,0.288785,-0.462291,0.102098,0.040977,-2.324028,-25.807884
4.6798139,0.286391,-0.443137,-0.031978,-0.091345,-2.178945,-24.873146
4.6998339,0.343852,-0.443137,0.006330,-0.049168,-1.959972,-27.277374
4.7198229,0.305545,-0.483839,0.102098,0.040709,-2.340582,-27.490311
4.7398119,0.236113,-0.512569,0.090126,0.022446,-2.741604,-25.721016
4.7598310,0.231325,-0.512569,0.047030,-0.020782,-2.739450,-25.493652
4.7798204,0.231325,-0.476656,0.059002,-0.006578,-2.594872,-23.831764
4.7998090,0.288785,-0.452714,0.073367,0.013019,-2.268685,-25.389668
4.8198285,0.303151,-0.459897,0.003935,-0.055596,-2.199237,-26.320969
4.8398175,0.260055,-0.443137,0.030272,-0.031126,-2.321244,-23.700447
4.8598375,0.307939,-0.512569,0.111674,0.048609,-2.447828,-28.923004
4.8798261,0.257661,-0.483839,0.070972,0.006534,-2.524212,-25.384518
4.8998151,0.238507,-0.507781,0.042242,-0.024810,-2.687360,-25.606663
4.9198351,0.243296,-0.500598,0.032665,-0.033600,-2.632810,-25.493652
4.9398241,0.339064,-0.435955,0.102098,0.046265,-2.007760,-26.779873
4.9598131,0.358217,-0.459897,0.082944,0.026985,-2.009470,-28.568977
4.9798326,0.226536,-0.474262,0.018300,-0.047254,-2.582364,-23.495773
4.9998212,0.226536,-0.500598,0.003935,-0.063259,-2.686857,-24.699505
5.0198107,0.219354,-0.507781,0.063790,-0.004519,-2.777226,-24.689957
5.0398297,0.303151,-0.483839,0.130828,0.069149,-2.366437,-27.388779
5.0598187,0.360612,-0.445532,0.068579,0.013841,-1.934503,-28.042809
5.0798078,0.262449,-0.438349,-0.005642,-0.066390,-2.271012,-23.605461
5.0998278,0.231325,-0.522146,-0.029584,-0.097692,-2.739645,-25.953850
5.1198168,0.212171,-0.498204,0.047030,-0.021048,-2.757300,-23.889786
5.1398363,0.238507,-0.495810,0.133222,0.066564,-2.684803,-25.046040
5.1598253,0.322304,-0.459897,0.106886,0.048210,-2.176902,-27.124409
5.1798139,0.358217,-0.438349,0.025483,-0.028717,-1.890693,-27.643681
5.1998334,0.312727,-0.474262,-0.017612,-0.077332,-2.204507,-27.361332
5.2198224,0.209777,-0.526935,0.054214,-0.015805,-2.891671,-25.140701
5.2398119,0.236113,-0.517358,0.128433,0.060315,-2.780700,-25.950184
5.2598310,0.310333,-0.445532,0.106886,0.048341,-2.169090,-26.002483
5.2798200,0.291180,-0.435955,0.063790,0.004795,-2.183843,-24.776215
5.2998090,0.226536,-0.450320,-0.022401,-0.086178,-2.456570,-22.446564
5.3198290,0.252872,-0.500598,0.035060,-0.030607,-2.594224,-25.937798
5.3398180,0.255267,-0.493416,0.092521,0.027228,-2.585022,-25.714020
5.3598375,0.298362,-0.500598,0.147588,0.084453,-2.461874,-27.955318
5.3798265,0.341458,-0.474262,0.078156,0.020040,-2.135258,-28.538433
5.3998151,0.293574,-0.450320,-0.003247,-0.062755,-2.195738,-25.493652
5.4198346,0.269632,-0.479051,0.006330,-0.056747,-2.419885,-25.709049
5.4398236,0.181046,-0.479051,0.087732,0.018923,-2.817122,-21.449169
5.4598126,0.267238,-0.495810,0.106886,0.042154,-2.552603,-26.368328
5.4798326,0.312727,-0.467079,0.092521,0.032764,-2.238016,-27.041809
5.4998212,0.293574,-0.438349,-0.008036,-0.066694,-2.142988,-24.981182
5.5198102,0.243296,-0.491022,-0.022401,-0.087834,-2.563677,-25.049507
5.5398302,0.236113,-0.486233,0.094914,0.028867,-2.634842,-24.492470
5.5598192,0.283997,-0.510175,0.140405,0.075744,-2.556909,-27.784264
5.5798082,0.272026,-0.471868,0.094914,0.032083,-2.428581,-25.493652
5.5998273,0.298362,-0.459897,-0.003247,-0.063076,-2.215312,-26.116409
5.6198163,0.288785,-0.431166,0.015906,-0.042691,-2.146209,-24.470623
5.6398358,0.300756,-0.491022,0.059002,-0.002984,-2.365818,-27.614750
5.6598248,0.221748,-0.512569,0.104491,0.035879,-2.807941,-25.033455
5.6798139,0.238507,-0.517358,0.070972,0.003220,-2.741565,-26.063175
5.6998339,0.269632,-0.469474,0.032665,-0.029896,-2.394578,-25.279861
5.7198229,0.336670,-0.443137,0.042242,-0.013960,-2.011726,-26.987988
5.7398119,0.336670,-0.443137,0.066184,0.009863,-2.025732,-26.987988
5.7598310,0.236113,-0.486233,0.061396,-0.004519,-2.617302,-24.492470
5.7798204,0.221748,-0.536511,0.066184,-0.003731,-2.887473,-26.198074
5.7998090,0.238507,-0.510175,0.109280,0.041821,-2.731740,-25.720116
5.8198285,0.327093,-0.483839,0.061396,0.001702,-2.225391,-28.387005
5.8398175,0.286391,-0.440743,0.018300,-0.041137,-2.197611,-24.771042
5.8598371,0.260055,-0.479051,0.001541,-0.062141,-2.457089,-25.276623
5.8798261,0.233719,-0.495810,0.059002,-0.007662,-2.665972,-24.819614
5.8998151,0.250478,-0.505387,0.068579,0.002326,-2.641406,-26.052071
5.9198351,0.307939,-0.474262,0.085338,0.024811,-2.282953,-27.159969
5.9398241,0.295968,-0.474262,0.068579,0.007305,-2.324245,-26.649925
5.9598131,0.250478,-0.462291,0.023088,-0.040193,-2.437402,-24.091209
5.9798326,0.250478,-0.505387,0.011118,-0.054906,-2.611266,-26.052071
5.9998212,0.216959,-0.479051,0.075761,0.009085,-2.671146,-23.247910
6.0198107,0.274420,-0.459897,0.111674,0.049718,-2.378407,-25.070812
6.0398297,0.343852,-0.467079,0.082944,0.025451,-2.099614,-28.315807
6.0598187,0.298362,-0.452714,0.020695,-0.038759,-2.199308,-25.803356
6.0798078,0.274420,-0.522146,0.061396,-0.004308,-2.603558,-27.935017
6.0998278,0.238507,-0.486233,0.109280,0.043323,-2.632656,-24.605419
6.1198163,0.286391,-0.452714,0.080549,0.020007,-2.282558,-25.285305
6.1398363,0.279209,-0.464685,0.049425,-0.012259,-2.344392,-25.493652
6.1598253,0.226536,-0.464685,0.025483,-0.039465,-2.544906,-23.071045
6.1798139,0.252872,-0.493416,0.035060,-0.030152,-2.564585,-25.604050
6.1998334,0.243296,-0.507781,0.085338,0.018417,-2.689803,-25.831345
6.2198224,0.262449,-0.491022,0.075761,0.011150,-2.536543,-25.931015
6.2398119,0.343852,-0.481445,0.073367,0.014981,-2.149993,-28.955727
6.2598310,0.319910,-0.457503,0.066184,0.007691,-2.154340,-26.920650
6.2798200,0.252872,-0.476656,0.044637,-0.019533,-2.499936,-24.840118
6.2998090,0.231325,-0.481445,0.006330,-0.059351,-2.587492,-24.047661
6.3198290,0.250478,-0.471868,0.047030,-0.016988,-2.490861,-24.515263
6.3398180,0.252872,-0.471868,0.123645,0.059459,-2.522072,-24.625603
6.3598375,0.224142,-0.469474,0.082944,0.017299,-2.605426,-23.167637
6.3798265,0.255267,-0.467079,0.020695,-0.042589,-2.436958,-24.522629
6.3998151,0.288785,-0.486233,-0.005642,-0.067853,-2.361992,-26.880432
6.4198346,0.255267,-0.493416,0.049425,-0.015693,-2.562277,-25.714020
6.4398236,0.269632,-0.488627,0.152376,0.088067,-2.537560,-26.144714
6.4598126,0.272026,-0.469474,0.085338,0.022705,-2.413483,-25.386951
6.4798322,0.257661,-0.476656,-0.008036,-0.071675,-2.451753,-25.059605
6.4998212,0.274420,-0.481445,0.018300,-0.044668,-2.416278,-26.031120
6.5198102,0.286391,-0.469474,0.128433,0.066563,-2.377676,-26.021221
6.5398302,0.281603,-0.481445,0.130828,0.067852,-2.447347,-26.348751
6.5598192,0.224142,-0.493416,0.020695,-0.046255,-2.674973,-24.250744
6.5798082,0.228930,-0.467079,-0.034372,-0.099086,-2.513596,-23.291054
6.5998273,0.295968,-0.481445,0.068579,0.006839,-2.353148,-26.973289
6.6198163,0.327093,-0.471868,0.147588,0.088271,-2.226883,-27.849751
6.6398358,0.272026,-0.481445,0.097309,0.033845,-2.469152,-25.924438
6.6598248,0.226536,-0.500598,0.018300,-0.048950,-2.694342,-24.699505
6.6798139,0.209777,-0.479051,0.008723,-0.058120,-2.664737,-22.896214
6.6998339,0.262449,-0.479051,0.082944,0.019073,-2.491159,-25.385342
6.7198229,0.310333,-0.467079,0.116463,0.056430,-2.261493,-26.941250
6.7398114,0.298362,-0.469474,0.061396,0.000632,-2.290783,-26.539078
6.7598310,0.221748,-0.495810,-0.000854,-0.068018,-2.683641,-24.245827
6.7798204,0.224142,-0.488627,0.073367,0.006516,-2.682092,-24.030621
6.7998090,0.274420,-0.481445,0.104491,0.041154,-2.463061,-26.031120
6.8198285,0.274420,-0.483839,0.059002,-0.004296,-2.448273,-26.139820
6.8398175,0.255267,-0.443137,-0.003247,-0.064804,-2.321786,-23.482243
6.8598371,0.283997,-0.474262,0.049425,-0.012572,-2.363886,-26.130249
6.8798261,0.291180,-0.488627,0.123645,0.060880,-2.432196,-27.093678
6.8998151,0.272026,-0.483839,0.087732,0.024155,-2.473762,-26.033142
6.9198351,0.274420,-0.498204,-0.015219,-0.079121,-2.466552,-26.800556
6.9398241,0.238507,-0.474262,0.003935,-0.060818,-2.526466,-24.064304
6.9598131,0.250478,-0.486233,0.123645,0.058379,-2.591447,-25.163738
6.9798326,0.315122,-0.459897,0.135616,0.076303,-2.223331,-26.825871
6.9998212,0.305545,-0.479051,0.068579,0.007650,-2.302948,-27.273754
7.0198107,0.260055,-0.486233,0.013512,-0.050688,-2.493436,-25.602787
7.0398297,0.224142,-0.510175,0.037454,-0.030615,-2.754196,-25.035297
7.0598187,0.248084,-0.502993,0.114068,0.047633,-2.665200,-25.828712
7.0798078,0.286391,-0.457503,0.094914,0.033985,-2.310302,-25.493652
7.0998273,0.288785,-0.464685,0.003935,-0.056902,-2.279185,-25.913395
7.1198163,0.274420,-0.476656,-0.017612,-0.080112,-2.376799,-25.814938
7.1398363,0.257661,-0.510175,0.039848,-0.026128,-2.615697,-26.608215
7.1598253,0.272026,-0.502993,0.147588,0.082553,-2.582819,-26.917534
7.1798139,0.274420,-0.447926,0.130828,0.069591,-2.339167,-24.551029
7.1998334,0.286391,-0.445532,0.027877,-0.031935,-2.223118,-24.975620
7.2198224,0.257661,-0.438349,0.011118,-0.050016,-2.299598,-23.388138
7.2398119,0.226536,-0.481445,0.025483,-0.040569,-2.616920,-23.818817
7.2598310,0.216959,-0.517358,0.087732,0.018600,-2.839088,-25.029728
7.2798200,0.245690,-0.522146,0.123645,0.055851,-2.757732,-26.630322
7.2998090,0.310333,-0.467079,0.056607,-0.003150,-2.227949,-26.941250
7.3198290,0.334275,-0.447926,-0.005642,-0.062107,-2.013061,-27.095913
7.3398180,0.276814,-0.447926,-0.015219,-0.075638,-2.248065,-24.657280
7.3598375,0.224142,-0.491022,0.070972,0.003979,-2.690928,-24.140461
7.3798265,0.231325,-0.517358,0.142798,0.074333,-2.807663,-25.722836
7.3998151,0.283997,-0.479051,0.099703,0.037174,-2.410872,-26.345573
7.4198346,0.286391,-0.462291,-0.008036,-0.068820,-2.272589,-25.703526
7.4398236,0.209777,-0.452714,0.018300,-0.046825,-2.554491,-21.738312
7.4598126,0.248084,-0.455108,0.059002,-0.004103,-2.436035,-23.666824
7.4798322,0.295968,-0.486233,0.118856,0.056588,-2.399821,-27.190811
7.4998212,0.276814,-0.498204,0.090126,0.025940,-2.513146,-26.906734
7.5198102,0.226536,-0.462291,0.051819,-0.013078,-2.548602,-22.965923
7.5398302,0.252872,-0.452714,-0.000854,-0.063231,-2.373805,-23.783840
7.5598192,0.260055,-0.457503,0.042242,-0.020186,-2.388865,-24.320156
7.5798082,0.288785,-0.493416,0.145193,0.081873,-2.472907,-27.209866
7.5998273,0.269632,-0.459897,0.111674,0.049405,-2.397914,-24.857056
7.6198163,0.238507,-0.481445,0.027877,-0.037443,-2.569696,-24.387695
7.6398358,0.209777,-0.479051,-0.022401,-0.089122,-2.648479,-22.896214
7.6598248,0.269632,-0.483839,0.054214,-0.009379,-2.465697,-25.926064
7.6798139,0.288785,-0.500598,0.116463,0.052814,-2.486012,-27.542908
7.6998339,0.279209,-0.435955,0.078156,0.018291,-2.240509,-24.252785
7.7198224,0.264843,-0.479051,0.018300,-0.045142,-2.446348,-25.493652
7.7398114,0.221748,-0.469474,0.044637,-0.021000,-2.594758,-23.052284
7.7598314,0.276814,-0.481445,0.075761,0.012704,-2.437586,-26.137402
7.7798204,0.305545,-0.467079,0.075761,0.015584,-2.258883,-26.739014
7.7998090,0.236113,-0.462291,0.020695,-0.043482,-2.493884,-23.420994
7.8198285,0.274420,-0.471868,0.049425,-0.013052,-2.393882,-25.600349
7.8398175,0.276814,-0.467079,0.099703,0.037480,-2.391721,-25.493652
7.8598371,0.283997,-0.462291,0.092521,0.031123,-2.338514,-25.598782
7.8798261,0.248084,-0.476656,0.039848,-0.024607,-2.516932,-24.618977
7.8998151,0.221748,-0.488627,0.025483,-0.041326,-2.666859,-23.915035
7.9198351,0.240901,-0.447926,0.042242,-0.020756,-2.424710,-23.022758
7.9398241,0.327093,-0.450320,0.090126,0.032512,-2.108860,-26.905586
7.9598131,0.255267,-0.462291,0.075761,0.012560,-2.446681,-24.311356
7.9798326,0.274420,-0.481445,0.044637,-0.018445,-2.430683,-26.031120
7.9998212,0.216959,-0.483839,0.011118,-0.055615,-2.658104,-23.464340
8.0198107,0.276814,-0.467079,0.059002,-0.003043,-2.369500,-25.493652
8.0398302,0.305545,-0.476656,0.123645,0.062625,-2.323811,-27.166046
8.0598192,0.279209,-0.479051,0.078156,0.015402,-2.419112,-26.134998
8.0798082,0.264843,-0.464685,0.023088,-0.039427,-2.389048,-24.852306
8.0998278,0.272026,-0.491022,0.006330,-0.057364,-2.459128,-26.361702
8.1198168,0.260055,-0.459897,0.070972,0.008259,-2.414660,-24.424824
8.1398363,0.283997,-0.474262,0.118856,0.056556,-2.401838,-26.130249
8.1598253,0.291180,-0.471868,0.082944,0.021439,-2.342541,-26.336178
8.1798143,0.250478,-0.481445,-0.012824,-0.077220,-2.498927,-24.945908
8.1998329,0.250478,-0.469474,0.013512,-0.050207,-2.462653,-24.408634
8.2198219,0.298362,-0.457503,0.114068,0.053860,-2.271514,-26.011684
8.2398119,0.276814,-0.471868,0.121251,0.058620,-2.423089,-25.706650
8.2598314,0.197806,-0.476656,0.049425,-0.018126,-2.722482,-22.193970
8.2798204,0.250478,-0.500598,0.011118,-0.054605,-2.591561,-25.827412
8.2998095,0.224142,-0.469474,0.049425,-0.016085,-2.587759,-23.167637
8.3198290,0.327093,-0.479051,0.102098,0.042525,-2.229548,-28.171001
8.3398180,0.319910,-0.479051,0.116463,0.056317,-2.268363,-27.875286
8.3598375,0.272026,-0.469474,0.027877,-0.034506,-2.382061,-25.386951
8.3798265,0.214565,-0.467079,0.025483,-0.040351,-2.602604,-22.597889
8.3998146,0.207383,-0.474262,0.090126,0.023136,-2.695623,-22.563747
8.4198351,0.250478,-0.488627,0.073367,0.008152,-2.574926,-25.273285
8.4398241,0.303151,-0.455108,0.066184,0.006684,-2.215028,-26.111927
8.4598122,0.250478,-0.483839,0.059002,-0.005847,-2.547432,-25.054611
8.4798326,0.245690,-0.517358,0.063790,-0.003485,-2.707789,-26.399437
8.4998217,0.238507,-0.486233,0.049425,-0.016293,-2.601309,-24.605419
8.5198107,0.303151,-0.447926,0.042242,-0.016658,-2.171974,-25.801140
8.5398302,0.327093,-0.471868,0.104491,0.045375,-2.202703,-27.849751
8.5598192,0.272026,-0.474262,0.066184,0.003320,-2.422831,-25.600746
8.5798082,0.228930,-0.462291,0.035060,-0.029621,-2.530224,-23.080315
8.5998268,0.188229,-0.493416,0.013512,-0.055540,-2.814894,-22.468639
8.6198168,0.216959,-0.474262,0.082944,0.016551,-2.654367,-23.033241
8.6398363,0.274420,-0.479051,0.090126,0.027004,-2.445571,-25.922829
8.6598253,0.343852,-0.467079,0.070972,0.013537,-2.092706,-28.315807
8.6798143,0.281603,-0.476656,0.059002,-0.003354,-2.388938,-26.132614
8.6998329,0.248084,-0.510175,0.042242,-0.024356,-2.657256,-26.167686
8.7198229,0.233719,-0.491022,0.075761,0.009336,-2.654637,-24.598480
8.7398109,0.238507,-0.498204,0.049425,-0.017055,-2.651326,-25.157284
8.7598314,0.267238,-0.495810,0.025483,-0.038912,-2.509213,-26.368328
8.7798195,0.300756,-0.505387,0.015906,-0.046799,-2.399014,-28.281132
8.7998095,0.231325,-0.471868,0.066184,0.000888,-2.578302,-23.617584
8.8198280,0.283997,-0.467079,0.068579,0.006970,-2.344973,-25.810200
8.8398180,0.300756,-0.476656,0.054214,-0.006824,-2.305686,-26.962452
8.8598375,0.283997,-0.507781,0.106886,0.042510,-2.529773,-27.671150
8.8798265,0.250478,-0.553271,0.070972,0.001847,-2.834415,-28.396629
8.8998156,0.221748,-0.510175,0.056607,-0.011680,-2.773834,-24.919563
8.9198341,0.274420,-0.491022,0.020695,-0.042902,-2.456830,-26.468346
8.9398241,0.267238,-0.500598,0.059002,-0.005835,-2.546640,-26.591137
8.9598131,0.269632,-0.519752,0.138010,0.071833,-2.654521,-27.606518
8.9798326,0.243296,-0.486233,0.068579,0.003084,-2.591827,-24.830025
8.9998207,0.238507,-0.495810,0.030272,-0.035981,-2.631352,-25.046040
9.0198107,0.267238,-0.510175,-0.005642,-0.070811,-2.550941,-27.041809
9.0398302,0.272026,-0.510175,0.121251,0.055880,-2.597689,-27.256042
9.0598192,0.245690,-0.498204,0.135616,0.069245,-2.666589,-25.493652
9.0798073,0.295968,-0.467079,0.011118,-0.049422,-2.262959,-26.330029
9.0998268,0.358217,-0.495810,0.070972,0.012739,-2.140189,-30.172913
9.1198168,0.334275,-0.455108,0.126040,0.068442,-2.118157,-27.406155
9.1398354,0.386948,-0.390465,0.099703,0.050703,-1.622796,-26.791393
9.1598253,0.406101,-0.342581,0.135616,0.091531,-1.372657,-25.671040
9.1798134,0.209777,-0.361735,0.173923,0.114676,-2.230117,-18.115116
9.1998339,0.159499,-0.306668,-0.020007,-0.076787,-2.027378,-13.749969
9.2198219,0.384554,-0.316245,-0.024796,-0.067445,-1.245193,-23.902512
9.2398119,0.216959,-0.426378,0.487564,0.422758,-2.655214,-20.979668
9.2598314,-0.115835,-0.323427,0.906549,0.834142,-3.252346,1.698700
9.2798204,0.118797,-0.115132,1.241737,1.193301,-1.921726,-6.561932
9.2998095,0.767626,-0.031335,2.048583,2.048403,-0.106672,-26.914940
9.3198280,0.868182,-0.239630,2.592067,2.580452,-0.693186,-35.271709
9.3398180,0.092461,-0.318639,2.766844,2.695868,-3.511249,-10.664173
9.3598366,-0.465388,-0.419195,3.295962,3.209966,-4.646021,27.359657
9.3798265,-0.362437,-0.440743,3.916060,3.827781,-4.905354,18.894669
9.3998146,-0.312159,-0.488627,3.319904,3.230124,-4.974720,14.252548
9.4198351,-0.355255,-0.505387,3.025417,2.935053,-4.997162,18.153152
9.4398232,-0.362437,-0.610732,2.702201,2.607482,-5.413318,18.687889
9.4598131,-0.822124,-0.780720,2.232937,2.141253,-5.038547,73.173737
9.4798326,-0.984930,-0.857334,1.411726,1.326827,-4.297734,86.902313
9.4998207,-1.138159,-0.938737,0.643188,0.568346,-3.368446,96.694366
9.5198107,-0.723962,-1.015352,0.834723,0.736222,-5.735927,94.022186
9.5398293,-0.532426,-1.039294,0.930491,0.827064,-6.774323,84.998947
9.5598192,-1.492501,-0.617914,0.231384,0.202293,-0.669848,85.691376
9.5798073,-0.676078,-1.288291,-0.041554,-0.140027,-5.641946,139.203003
9.5998278,-0.711991,-1.108726,0.042242,-0.056659,-5.721445,108.705063
9.6198158,-1.188437,-0.668192,-0.166053,-0.225355,-2.135992,80.966354
9.6398363,-1.075909,-0.704105,-0.503635,-0.572259,-2.648094,79.407150
9.6598253,-1.028026,-0.658616,-0.606586,-0.676230,-2.691548,74.865402
9.6798143,-1.066333,-0.639462,-1.078244,-1.141915,-2.134978,75.274490
9.6998339,-1.226744,-0.675375,-0.862766,-0.915205,-1.498661,82.431442
9.7198219,-1.001689,-0.644250,-0.936986,-1.006481,-2.586314,72.915253
9.7398119,-0.180478,-1.247589,-0.544337,-0.646330,-6.285693,254.175018
9.7598305,-1.061544,0.011761,-0.417444,-0.428475,0.390346,51.093437
9.7798204,-1.128582,-0.081613,-0.534760,-0.550245,0.247193,55.840790
9.7998085,-0.781423,-0.553271,-0.185206,-0.264671,-3.545782,55.823822
9.8198290,-0.838884,-0.412013,-0.314493,-0.381407,-2.582781,53.286575
9.8398170,-1.006478,-0.141468,-0.371955,-0.404489,-0.611727,52.738060
9.8598375,-1.997677,0.066828,-2.301681,-2.136844,7.539682,73.564240
9.8798265,-0.771846,0.169778,-0.719113,-0.723492,0.810418,36.909050
9.8998156,-0.072739,-0.107949,-0.424627,-0.470251,-1.266324,3.057739
9.9198351,-0.079922,-0.136680,-0.359983,-0.409285,-1.490972,2.987640
9.9398232,-0.587492,0.483419,-0.395897,-0.361703,2.125493,27.275345
9.9598131,-0.154142,0.198509,0.135616,0.120488,-0.013628,10.179718
9.9798317,0.030212,-0.347369,-0.127746,-0.193597,-2.562731,-8.052582
9.9998217,-0.520455,-0.081613,0.090126,0.040792,-1.638064,27.822472
10.0198097,-0.573127,-0.148651,0.226596,0.170704,-2.047235,31.416496
10.0398302,-0.611434,-0.368917,0.260115,0.186014,-3.230586,37.498009
10.0598183,-1.171678,-0.493416,0.604879,0.549876,-2.102498,71.797501
10.0798082,-1.097457,-0.522146,0.209837,0.149343,-2.315319,70.412491
10.0998278,-0.841278,-0.629885,-0.393502,-0.473854,-3.573313,63.788391
10.1198158,-0.601858,-0.242025,-0.278581,-0.340273,-2.251705,34.427971
10.1398363,-0.395956,-0.495810,-0.125352,-0.210270,-4.032695,21.947716
10.1598244,-0.496513,-0.076825,0.564178,0.512439,-1.910388,26.484741
10.1798143,-0.077527,-0.055277,0.217019,0.172893,-1.400947,4.075882
10.1998329,0.008664,-0.261178,0.370248,0.308557,-2.431495,-4.426270
10.2198229,-0.295400,-0.543694,0.736561,0.647488,-4.579091,12.085228
10.2398109,-0.510878,-0.689740,1.038230,0.942611,-5.351609,37.941299
10.2598314,-0.470176,-0.632279,0.604879,0.511704,-5.000587,31.308784
10.2798204,-0.197237,-0.447926,0.147588,0.066715,-3.732742,4.986198
10.2998095,-0.616223,-0.479051,0.449257,0.367206,-3.890624,40.746422
10.3198290,-0.015278,-0.191746,0.738955,0.680794,-2.318244,-1.521194
10.3398170,0.442014,0.040491,0.126040,0.122262,0.460298,-15.613121
10.3598375,0.327093,0.059645,0.118856,0.108635,0.199780,-11.198776
10.3798256,0.216959,-0.074430,-0.228302,-0.258075,-0.533088,-9.939083
10.3998156,-0.221179,-0.062459,-0.506030,-0.549641,-1.128884,11.467628
10.4198341,-0.391168,-0.117526,-1.178801,-1.225441,-1.043997,20.745728
10.4398241,-0.412716,0.069222,-1.360760,-1.381750,0.372341,21.593124
10.4598122,-0.209208,0.373285,-1.446951,-1.416881,2.575298,13.348495
10.4798317,-0.565945,0.129077,-1.585814,-1.593357,1.111959,28.484642
10.4998217,-0.111046,0.876068,-1.712708,-1.568353,6.423680,12.101471
10.5198107,-0.017672,0.988595,-1.851571,-1.670901,7.522413,10.001701
10.5398302,-0.386379,0.883250,-1.789322,-1.644952,6.491119,19.987236
10.5598183,-0.067951,0.923952,-2.126904,-1.955394,7.546833,11.084259
10.5798082,0.647916,1.170554,-2.079021,-1.782307,10.508817,-4.506271
10.5998268,0.243296,0.926346,-1.978464,-1.793625,7.752674,2.782425
10.6198168,-0.055980,1.199285,-1.324846,-1.109233,7.898185,11.783531
10.6398363,-0.345678,1.244775,-1.051908,-0.839670,7.576967,18.924683
10.6598253,-0.424687,1.302236,-1.616940,-1.366805,8.976724,20.812172
10.6798134,-0.376803,1.505743,-1.772563,-1.454043,10.624909,19.663467
10.6998329,0.185835,1.443493,-1.272174,-0.978514,9.580598,7.250481
10.7198229,0.499475,1.611088,-0.771786,-0.428033,10.091012,1.814667
10.7398109,0.535388,1.757134,-0.628134,-0.244811,10.685948,2.008224
10.7598314,1.177034,1.599117,-0.683201,-0.260631,11.435086,-10.184044
10.7798195,0.899307,1.606299,-0.563491,-0.186180,10.514564,-5.505020
10.7998095,0.360612,1.484195,-1.013600,-0.707327,9.587237,3.805359
10.8198280,0.080490,1.357302,-1.233867,-0.972546,8.852172,9.181961
10.8398180,-0.034432,1.393215,-1.080638,-0.820643,8.679658,11.890198
10.8598375,0.248084,1.201679,-0.853189,-0.638021,7.476063,4.567558
10.8798265,0.303151,1.010143,-0.173236,-0.020172,5.470533,1.928238
10.8998156,0.367794,0.689320,-0.079862,0.011178,3.748670,-2.739716
10.9198341,0.817904,0.830578,-0.664047,-0.485066,6.466110,-11.911800
10.9398241,0.540177,0.943105,-0.520395,-0.352767,6.079069,-4.357048
10.9598131,-0.010490,0.758752,-0.273792,-0.187117,3.736973,8.647995
10.9798326,-0.295400,0.483419,0.245749,0.268963,1.424134,16.845337
10.9998207,0.243296,0.363708,0.051819,0.077667,1.607833,-3.027748
11.0198107,0.667069,0.595946,-0.302523,-0.196306,4.315959,-11.728058
11.0398293,0.810722,0.466659,-0.388714,-0.286211,4.265800,-17.252270
11.0598192,0.595243,0.301459,-0.359983,-0.308568,2.690479,-14.783539
11.0798073,-0.108652,0.375679,-0.225908,-0.210488,1.361042,9.566696
11.0998268,0.092461,0.440323,-0.415051,-0.378960,2.201842,2.944893
11.1198168,0.145133,0.667772,-0.719113,-0.633847,3.971876,3.388191
11.1398354,0.439620,0.607917,-0.225908,-0.141026,3.655485,-5.671745
11.1598253,0.365400,0.658195,0.655158,0.727018,2.790246,-3.025497
11.1798134,0.671858,0.603129,1.227372,1.306008,2.705575,-11.738609
11.1998339,0.748472,0.629465,0.772474,0.871038,3.483097,-13.173153
11.2198219,0.655098,0.682137,0.236173,0.344859,4.056319,-10.205612
11.2398119,0.176258,0.674955,0.288845,0.358085,2.900983,2.533066
11.2598314,-0.029643,0.569610,0.140405,0.184733,2.194147,8.086746
11.2798204,0.049365,0.555245,0.128433,0.173535,2.225546,5.412094
11.2998085,0.322304,0.588763,-0.000854,0.067411,3.027254,-2.613907
11.3200045,0.245690,0.624676,0.152376,0.219154,2.898764,0.012665
11.3399925,0.204988,0.593552,0.233779,0.291433,2.574059,0.902809
11.3600130,0.279209,0.641436,0.130828,0.203040,3.075070,-0.783691
11.3800011,0.267238,0.744387,0.097309,0.188045,3.636910,0.585480
11.3999910,0.511446,0.732416,-0.077468,0.033429,4.305083,-6.008896
11.4200106,0.384554,0.832972,0.008723,0.126529,4.439156,-1.672707
11.4399996,0.312727,0.911981,0.401373,0.520915,4.249145,0.888733
11.4599886,0.439620,0.885644,0.260115,0.386883,4.521794,-2.531281
11.4800081,0.580878,1.019720,-0.429416,-0.243544,6.453917,-4.509819
11.4999971,0.377371,1.022114,-0.587433,-0.414561,6.258295,0.227745
11.5199862,-0.024855,1.007749,-0.340830,-0.201214,5.241765,10.274887
11.5400057,-0.024855,0.979018,-0.453358,-0.317235,5.227546,10.150368
11.5599937,0.360612,1.096334,-0.819670,-0.623428,7.004869,1.220505
11.5799837,0.477927,1.024508,-0.441386,-0.263808,6.263968,-2.117844
11.6000023,0.312727,0.864097,0.011118,0.129827,4.461906,0.470055
11.6199923,0.070913,0.885644,0.176318,0.282112,4.012547,7.079292
11.6400118,0.398919,0.859308,0.056607,0.179630,4.548470,-1.777710
11.6600008,0.537782,0.943105,0.085338,0.236257,5.244774,-4.301239
11.6799898,0.482716,1.079575,0.238567,0.409389,5.626941,-1.732079
11.7000084,0.475533,1.146612,0.051819,0.242109,6.208789,-0.996468
11.7199984,0.346246,1.177737,-0.091833,0.099708,6.339485,2.155731
11.7399864,0.389342,1.204073,-0.223514,-0.018473,6.745670,1.373795
11.7600069,0.382159,1.328572,-0.647287,-0.397074,8.083801,2.395729
11.7799950,0.319910,1.400398,-0.697566,-0.431165,8.472545,4.168152
11.7999849,0.193017,1.287870,-0.573068,-0.349283,7.441040,6.319969
11.8200045,0.171470,1.151401,-0.383925,-0.201084,6.347835,6.070190
11.8399935,0.250478,1.182525,-0.513212,-0.314058,6.830540,4.392876
11.8600130,0.190623,1.151401,-0.369560,-0.186049,6.353164,5.612701
11.8800020,0.149922,1.098728,-0.144506,0.018097,5.687216,6.290024
11.8999910,0.116403,1.074786,-0.017612,0.134543,5.343260,6.984177
11.9200096,0.169075,1.034085,0.293633,0.431947,4.796909,5.425026
11.9399996,0.248084,0.967047,0.434892,0.560585,4.389482,2.970566
11.9599886,0.243296,0.981413,0.202654,0.336329,4.735193,3.198380
11.9800081,0.252872,0.933528,0.272086,0.394959,4.413038,2.592171
11.9999962,0.257661,0.809030,0.169135,0.270047,3.882134,1.436066
12.0199862,0.137951,0.780300,0.176318,0.264853,3.529020,4.502823
12.0400057,0.197806,0.703685,0.085338,0.164575,3.309534,2.165222
12.0599947,0.181046,0.701291,-0.012824,0.066856,3.377877,2.626968
12.0799837,0.142739,0.741992,-0.005642,0.079424,3.532200,4.069977
12.1000032,0.121191,0.832972,-0.271398,-0.164162,4.324817,5.354088
12.1199923,0.068519,0.938317,-0.362378,-0.233566,4.972117,7.452690
12.1400108,-0.000913,1.019720,-0.386320,-0.241965,5.395649,9.700256
12.1600008,-0.032038,1.055633,-0.139717,0.005128,5.240549,10.660416
12.1799889,0.001481,1.053239,-0.012824,0.129494,5.092664,9.787560
12.2000093,0.267238,1.069998,-0.020007,0.139706,5.531565,3.246147
12.2199974,0.262449,1.074786,0.176318,0.331623,5.293828,3.395500
12.2399874,0.183441,1.029297,0.370248,0.506511,4.698167,5.034119
12.2600069,0.147528,0.976624,0.243356,0.369748,4.522196,5.609169
12.2799959,0.190623,0.995778,0.161953,0.296524,4.783469,4.631615
12.2999849,0.099644,0.940711,0.245749,0.362413,4.264947,6.638596
12.3200035,0.051760,0.959865,0.018300,0.141891,4.587345,8.018402
12.3399935,0.133162,1.041268,-0.178024,-0.028256,5.390975,6.372330
12.3600121,0.169075,1.127459,-0.223514,-0.051104,5.981149,5.989777
12.3800020,0.255267,1.204073,-0.295340,-0.097589,6.632152,4.416634
12.3999901,0.123586,1.211256,-0.259427,-0.068666,6.443023,7.528503
12.4200106,-0.144565,1.201679,-0.221120,-0.043705,6.099726,13.954193
12.4399996,-0.297794,1.213650,-0.245062,-0.066430,6.145985,17.738518
12.4599886,-0.065556,1.292659,-0.472511,-0.262774,7.043083,12.304161
12.4800081,-0.161324,1.354908,-0.415051,-0.193909,7.255584,14.682922
12.4999971,-0.261881,1.280688,-0.443781,-0.242250,6.832128,16.929779
12.5199862,-0.283429,1.374062,-0.388714,-0.165395,7.283364,17.521919
12.5400047,-0.355255,1.314207,-0.328858,-0.123190,6.839373,19.167320
12.5599947,-0.400745,1.287870,-0.264215,-0.067130,6.593583,20.248924
12.5799837,-0.460600,1.211256,-0.079862,0.093614,5.905846,21.747467
12.6000032,-0.302582,1.318995,-0.151688,0.049779,6.611034,17.927727
12.6199913,0.001481,1.383638,-0.352801,-0.121472,7.431779,11.053497
12.6400118,0.097249,1.409975,-0.245062,-0.006557,7.502698,9.024605
12.6600008,-0.161324,1.330966,0.013512,0.214780,6.486646,14.635902
12.6799898,-0.403139,1.273505,-0.108592,0.080238,6.288570,20.310852
12.7000093,-0.479753,1.299841,-0.127746,0.068646,6.477334,22.119225
12.7199974,-0.190055,1.304630,-0.393502,-0.186488,6.919557,15.259506
12.7399874,-0.132594,1.307024,-0.367167,-0.159159,6.921998,13.913612
12.7600060,-0.221179,1.275899,-0.216331,-0.022592,6.480754,15.951462
12.7799959,-0.333707,1.194496,-0.046343,0.121911,5.757221,18.614891
12.7999840,-0.412716,1.247169,-0.127746,0.055331,6.167495,20.552200
12.8200045,-0.307371,1.256746,-0.407867,-0.213861,6.629621,18.001953
12.8399925,-0.134988,1.330966,-0.551519,-0.331276,7.344050,14.023643
12.8600130,-0.218785,1.314207,-0.259427,-0.054818,6.762737,15.951118
12.8800020,-0.369620,1.323783,0.169135,0.361830,6.182304,19.506348
12.8999910,-0.216391,1.235198,0.085338,0.260564,5.833900,15.773689
12.9200106,-0.027249,1.287870,-0.063103,0.133718,6.440416,11.392242
12.9399986,-0.091893,1.261534,-0.189995,0.002256,6.426931,12.836731
12.9599886,-0.345678,1.206467,-0.304916,-0.126493,6.184262,18.915077
12.9800072,-0.324130,1.235198,-0.400685,-0.212318,6.491564,18.396782
12.9999971,-0.281035,1.211256,-0.175630,0.000554,6.037881,17.324142
13.0199852,-0.156536,1.189708,-0.022401,0.146304,5.751690,14.220642
13.0400057,-0.170901,1.182525,-0.027189,0.139683,5.710737,14.559814
13.0599947,-0.254698,1.223227,0.078156,0.250271,5.764929,16.690788
13.0799837,-0.245122,1.285476,-0.113380,0.079233,6.379797,16.535576
13.1000032,-0.063162,1.345331,-0.312099,-0.094254,7.101637,12.401932
13.1199913,0.116403,1.366879,-0.290551,-0.060602,7.352603,8.419937
13.1400118,-0.089498,1.383638,-0.122957,0.097539,7.016389,13.105873
13.1599998,-0.314553,1.381244,-0.134929,0.081527,6.935954,18.241867
13.1799898,-0.137382,1.477012,-0.352801,-0.101210,7.868554,14.383545
13.2000084,0.046971,1.405186,-0.494059,-0.250169,7.819098,10.114693
13.2199984,-0.020067,1.374062,-0.336041,-0.108571,7.333826,11.507530
13.2399864,-0.146959,1.302236,-0.211543,-0.010050,6.655834,14.240250
13.2600069,-0.240333,1.271111,-0.304916,-0.109896,6.576001,16.402992
13.2799959,-0.242727,1.328572,-0.503635,-0.287705,7.208412,16.531891
13.2999849,-0.247516,1.321389,-0.429416,-0.217875,7.050508,16.635513
13.3200045,-0.240333,1.330966,-0.209148,-0.002261,6.776856,16.478836
13.3399925,-0.202026,1.386033,-0.146899,0.072436,7.008785,15.670418
13.3600130,-0.067951,1.414763,-0.043949,0.182455,7.086446,12.702087
13.3800011,-0.075133,1.364485,0.044637,0.255353,6.676216,12.729073
13.3999910,-0.053585,1.340543,0.015906,0.222279,6.599955,12.168159
13.4200106,-0.077527,1.323783,-0.005642,0.196560,6.521533,12.672455
13.4399996,-0.223574,1.247169,-0.166053,0.019147,6.244836,15.966194
13.4599876,-0.431869,1.230410,-0.297734,-0.113565,6.315969,21.027634
13.4800081,-0.534820,1.251957,-0.592221,-0.392295,6.910231,23.501289
13.4999971,-0.458205,1.307024,-0.644894,-0.430162,7.294359,21.602287
13.5199862,-0.355255,1.433917,-0.326465,-0.090050,7.521791,19.183258
13.5400057,0.011058,1.297447,-0.043949,0.156008,6.498201,10.533722
13.5599937,-0.048797,1.342937,0.030272,0.236937,6.596148,12.065392
13.5799837,-0.067951,1.266323,-0.027189,0.162034,6.239749,12.282028
13.6000023,-0.175690,1.249563,-0.163659,0.022879,6.274519,14.814774
13.6199923,-0.204420,1.251957,-0.154082,0.032222,6.262162,15.511406
13.6400118,-0.209208,1.230410,-0.249850,-0.065982,6.273955,15.591293
13.6600008,-0.240333,1.172949,-0.326465,-0.154596,6.041652,16.270035
13.6799898,-0.252304,1.156189,-0.245062,-0.079611,5.827090,16.547493
13.7000084,-0.259487,1.175343,-0.139717,0.027200,5.789251,16.751564
13.7199984,-0.187661,1.206467,0.164347,0.331219,5.581952,15.021744
13.7399864,-0.151748,1.201679,0.331941,0.493993,5.357130,14.130333
13.7600069,-0.067951,1.249563,-0.027189,0.158031,6.146610,12.231346
13.7799959,-0.273852,1.199285,-0.422233,-0.241614,6.323011,17.135208
13.7999849,-0.553974,1.232804,-0.575461,-0.380528,6.779921,23.998932
13.8200035,-0.441446,1.299841,-0.714325,-0.499217,7.359552,21.211075
13.8399935,-0.304977,1.251957,-0.343224,-0.152390,6.506737,17.940964
13.8600130,-0.206814,1.244775,0.032665,0.211782,5.961817,15.557167
13.8800020,-0.211603,1.218439,0.245749,0.412784,5.532189,15.629807
13.8999910,-0.271458,1.249563,0.039848,0.219048,5.958818,17.127647
13.9200096,-0.376803,1.256746,-0.261821,-0.072515,6.410753,19.679970
13.9399996,-0.585098,1.228015,-0.182813,-0.000441,6.190192,24.764160
13.9599886,-0.539608,1.108305,-0.091833,0.059237,5.365656,23.881447
13.9800081,-0.266669,1.149007,-0.151688,0.009355,5.653839,16.901031
13.9999962,-0.077527,1.132247,-0.134929,0.025616,5.630072,12.095833
14.0199862,-0.240333,1.101123,0.039848,0.185320,5.138166,16.165306
14.0400057,-0.527637,0.998172,0.070972,0.193743,4.532898,23.785812
14.0599947,-0.503695,1.067604,-0.125352,0.016883,5.164460,23.023949
14.0799828,-0.419898,1.091546,-0.285763,-0.134758,5.495880,20.812538
14.1000032,-0.137382,1.105911,-0.367167,-0.207965,5.758801,13.532738
14.1199923,-0.111046,1.184920,-0.252244,-0.077076,6.068115,13.087563
14.1400108,-0.321736,1.103517,0.020695,0.166457,5.157961,18.269051
14.1600008,-0.405533,1.127459,-0.094227,0.059851,5.442325,20.424469
14.1799889,-0.465388,1.160978,-0.292946,-0.125261,5.915655,21.917374
14.2000093,-0.321736,1.189708,-0.443781,-0.265203,6.289880,18.315338
14.2199974,-0.233150,1.283082,-0.453358,-0.250547,6.869091,16.247269
14.2399874,-0.319342,1.213650,-0.307311,-0.126985,6.231534,18.268669
14.2600069,-0.230756,1.225621,-0.465328,-0.276422,6.553005,16.108948
14.2799959,-0.345678,1.153795,-0.415051,-0.246035,6.036118,18.901344
14.2999849,-0.285823,1.096334,-0.537154,-0.377928,5.881668,17.334740
14.3200035,-0.182872,1.089152,-0.625740,-0.464204,6.004996,14.660248
14.3399935,0.044577,1.038873,-0.755027,-0.594219,6.083529,8.613731
14.3600121,0.212171,0.938317,-1.118945,-0.961681,6.275633,3.675804
14.3800020,0.226536,0.897615,-1.616940,-1.452895,6.872339,2.995018
14.3999901,0.001481,0.921557,-1.851571,-1.687192,7.093183,9.171844
14.4200106,-0.101469,0.935923,-2.043107,-1.872643,7.437049,12.052048
14.4399986,-0.082316,1.081969,-2.292104,-2.071589,8.981223,12.050903
14.4599886,-0.285823,1.192102,-2.129299,-1.888814,9.287837,17.424866
14.4800081,-0.419898,1.237592,-1.978464,-1.731559,9.276277,20.731430
14.4999971,-0.249910,1.275899,-1.906638,-1.650927,9.403073,16.638214
14.5199862,0.104432,1.211256,-1.705525,-1.464220,8.863324,7.980972
14.5400047,0.190623,1.007749,-1.066273,-0.895612,6.577230,4.711868
14.5599947,0.272026,0.816213,-0.666441,-0.544365,4.997091,1.114059
14.5799837,0.137951,0.694108,-1.245838,-1.143882,4.834512,3.821892
14.6000032,-0.221179,0.749175,-1.822841,-1.708137,5.665862,14.949989
14.6199913,-0.087104,0.718050,-2.584197,-2.450520,6.931546,10.737671
14.6400118,-0.017672,0.753963,-2.225067,-2.091031,6.592756,8.833481
14.6600008,0.463562,0.809030,-2.232249,-2.047362,8.008227,-3.924347
14.6799898,0.616791,0.926346,-3.082191,-2.807893,11.260989,-6.300583
14.7000093,0.612003,0.818607,-3.553849,-3.285690,11.794112,-7.426704
14.7199974,0.161893,0.346949,-2.687148,-2.621017,4.820420,-0.491844
14.7399874,0.023029,0.203297,-2.215490,-2.194700,2.713670,2.902725
14.7600060,0.011058,0.342161,-1.746226,-1.709426,3.020820,4.850952
14.7799959,0.966345,0.014155,-1.798899,-1.711816,4.793732,-30.326408
14.7999840,0.623974,-0.170199,-1.126128,-1.121808,1.376872,-26.980602
14.8200045,0.020635,-0.285120,-0.755027,-0.813015,-1.871997,-5.718697
14.8399925,-0.515666,-0.191746,0.171530,0.110780,-2.320449,28.509537
14.8600130,-0.132594,-0.079219,1.167518,1.114442,-2.145824,6.598938
14.8800020,0.588061,-0.124709,0.896973,0.881389,-0.314247,-24.577564
14.8999910,0.681435,-0.040912,0.935280,0.936221,0.323784,-24.912315
14.9200106,0.145133,0.074010,2.498693,2.462440,-1.666714,-3.928825
14.9399986,0.008664,0.303854,3.147522,3.126313,-1.208806,4.562881
14.9599886,0.461168,0.308642,2.912890,2.915360,-0.279905,-10.786060
14.9800072,0.499475,0.085981,2.680653,2.664283,-0.898560,-16.418892
14.9999971,0.046971,-0.201323,2.180264,2.117711,-2.901698,-5.039497
15.0199852,-0.498907,0.260758,1.114844,1.097949,-0.442973,24.880722
15.0400057,0.212171,0.404410,0.276875,0.304006,1.547268,-1.464516
15.0599937,0.185835,0.030914,0.564178,0.538062,-0.650901,-6.383530
15.0799837,-0.831701,-0.486233,1.236949,1.159822,-3.653234,55.883240
15.1000032,-1.559538,-0.783114,1.284833,1.249334,-1.305503,93.988190
15.1199913,-1.341666,-0.617914,1.526648,1.474786,-2.172220,82.491486
15.1400118,-0.872402,-0.586790,1.234555,1.153920,-3.918893,63.174133
15.1599998,-0.956199,-0.704105,1.313563,1.231911,-4.013111,74.592880
15.1799898,-0.889162,-0.811845,1.799586,1.710382,-4.741576,79.364960
15.2000084,-1.011266,-0.864517,1.854653,1.770263,-4.322033,88.297119
15.2199984,-0.714385,-0.672981,1.284833,1.194179,-4.816691,57.553391
15.2399864,0.281603,-0.634674,0.604879,0.531713,-3.240321,-34.166828
15.2600069,0.353429,-0.397648,0.659946,0.605037,-2.112271,-25.779652
15.2799959,0.635945,-0.684952,0.940068,0.891332,-1.855492,-47.410408
15.2999849,0.573695,-0.919584,1.169911,1.107701,-2.661304,-58.876431
15.3200045,0.880153,-1.214070,1.294410,1.260982,-1.213609,284.906250
15.3399925,0.722136,-0.804662,1.282439,1.236157,-1.823281,-54.697723
15.3600130,1.004652,-0.936343,1.349477,1.331382,-0.569701,-63.147606
15.3800011,0.525811,-0.725653,1.220190,1.158916,-2.617914,-47.073559
15.3999910,1.222524,0.114712,1.074143,1.155901,2.866628,-32.846031
15.4200096,1.576866,1.405186,3.018235,3.306754,6.350373,-18.190994
15.4399996,1.749249,1.393215,4.514611,4.784693,5.294055,-20.700562
15.4599876,2.558489,0.471448,3.585661,3.892741,6.366312,-42.067329
15.4800081,1.880930,-0.012181,1.229767,1.409321,5.213463,-44.418297
15.4999971,1.138727,-0.625097,-0.654470,-0.620934,2.240963,-52.551205
15.5199862,-0.163719,-0.380888,-2.081415,-2.148249,-2.009161,3.808556
15.5400057,-0.846066,0.006972,-2.459698,-2.462437,1.853802,42.542206
15.5599937,-0.867614,0.425958,-2.509976,-2.434163,5.006225,37.431892
15.5799837,-0.441446,0.583975,-1.614545,-1.542078,4.179927,21.929268
15.6000023,0.281603,0.512149,-0.237879,-0.181477,2.785313,-2.324158
15.6199923,0.552148,0.476236,0.628821,0.686679,2.382962,-10.599636
15.6400118,0.834664,0.543274,1.442850,1.525232,2.708682,-16.506252
15.6600008,0.827481,0.413987,1.308775,1.374174,2.289935,-18.579422
15.6799889,0.389342,0.416381,0.636004,0.671721,1.674379,-6.879093
15.7000084,0.176258,0.097952,0.384613,0.367169,-0.207600,-4.749641
15.7199984,-0.094287,-0.115132,0.226596,0.175744,-1.763049,4.088593
15.7399864,-0.312159,-0.040912,-0.115775,-0.160470,-1.321974,16.439865
15.7600069,-0.156536,0.062039,-0.383925,-0.412257,-0.404394,9.232315
15.7799950,0.030212,0.220056,-0.307311,-0.309213,0.723198,2.816544
15.7999849,0.164287,0.267940,-0.130140,-0.120699,1.090121,-1.624260
15.8200035,0.291180,0.327796,0.195472,0.217244,1.395987,-5.123772
15.8399935,0.303151,0.349343,0.176318,0.202274,1.552937,-5.191437
15.8600130,0.257661,0.284700,0.066184,0.081217,1.210459,-4.656090
15.8800020,0.142739,0.260758,-0.046343,-0.040063,0.930711,-0.940231
15.8999910,-0.051191,0.248787,-0.154082,-0.156639,0.628815,6.350044
15.9200096,0.013452,0.251181,-0.079862,-0.080524,0.672708,3.826820
15.9399996,0.209777,0.313430,0.121251,0.136797,1.204356,-2.592781
15.9599886,0.272026,0.435535,0.178712,0.215597,1.927620,-2.993942
15.9800081,0.295968,0.435535,0.118856,0.158174,2.038609,-3.745659
15.9999962,0.339064,0.430746,0.166741,0.207592,2.066132,-5.144737
16.0199852,0.262449,0.390045,-0.012824,0.019119,1.852367,-3.294670
16.0400047,0.178652,0.449900,-0.209148,-0.169991,2.199350,0.181137
16.0599937,0.137951,0.497784,-0.309705,-0.263283,2.497517,2.021530
16.0799828,0.166681,0.567216,-0.350407,-0.289681,2.986715,1.809074
16.1000042,0.214565,0.581581,-0.120564,-0.058499,2.900705,0.490715
16.1199913,0.293574,0.564821,0.099703,0.160178,2.732171,-2.055099
16.1400108,0.283997,0.564821,0.047030,0.107749,2.767747,-1.771767
16.1599998,0.276814,0.595946,-0.115775,-0.047334,3.096357,-1.207832
16.1799889,0.228930,0.593552,-0.084650,-0.020240,2.954307,0.184090
16.2000084,0.221748,0.560033,-0.077468,-0.019432,2.750039,0.044876
16.2199974,0.125980,0.593552,-0.223514,-0.162519,2.923961,3.317139
16.2399864,0.149922,0.595946,-0.194783,-0.132597,2.945601,2.601189
16.2600060,0.250478,0.579187,-0.134929,-0.070805,2.973150,-0.613281
16.2799969,0.307939,0.588763,0.001541,0.068764,2.993959,-2.197739
16.2999840,0.346246,0.639042,-0.065496,0.014523,3.417931,-2.712189
16.3200035,0.374977,0.624676,0.063790,0.140983,3.260936,-3.682716
16.3399925,0.288785,0.629465,0.011118,0.083993,3.160840,-1.187576
16.3600121,0.250478,0.665378,0.001541,0.078526,3.289598,0.288467
16.3800011,0.195412,0.624676,-0.096622,-0.028500,3.075834,1.498619
16.3999901,0.257661,0.653407,-0.218725,-0.139317,3.488394,-0.039207
16.4200096,0.216959,0.655801,-0.345618,-0.265902,3.572688,1.164490
16.4399986,0.200200,0.660589,-0.307311,-0.228462,3.523725,1.699974
16.4599876,0.346246,0.648618,-0.027189,0.053822,3.425426,-2.603104
16.4800072,0.367794,0.679743,0.111674,0.197220,3.479324,-2.846848
16.4999981,0.418072,0.662984,0.236173,0.320203,3.365884,-4.405968
16.5199852,0.224142,0.622282,-0.012824,0.055093,3.023160,0.622124
16.5400047,0.137951,0.579187,-0.099015,-0.042038,2.728000,2.814537
16.5599937,0.252872,0.586369,-0.031978,0.031765,2.904680,-0.606239
16.5799847,0.183441,0.672561,-0.199572,-0.121542,3.435843,2.301132
16.6000023,0.228930,0.665378,-0.264215,-0.183554,3.552689,0.909615
16.6199913,0.298362,0.658195,-0.297734,-0.213153,3.689462,-1.151451
16.6400127,0.283997,0.672561,-0.199572,-0.115253,3.623211,-0.593842
16.6599998,0.339064,0.674955,-0.077468,0.008760,3.607690,-2.109680
16.6799889,0.315122,0.696503,0.059002,0.144827,3.517307,-1.215630
16.7000084,0.245690,0.631859,0.126040,0.194529,2.965047,0.086868
16.7199974,0.200200,0.583975,0.044637,0.103477,2.710113,0.950264
16.7399864,0.142739,0.536091,-0.125352,-0.075111,2.524799,2.251808
16.7600060,0.195412,0.538485,-0.127746,-0.074131,2.635607,0.624168
16.7799950,0.209777,0.581581,-0.144506,-0.082316,2.917814,0.635513
16.7999840,0.272026,0.643830,-0.096622,-0.020318,3.324702,-0.551933
16.8200035,0.343852,0.670166,0.054214,0.137382,3.442588,-2.295059
16.8399925,0.360612,0.641436,0.116463,0.194567,3.258735,-3.085762
16.8600140,0.209777,0.605523,-0.065496,-0.000474,2.962786,0.880096
16.8800011,0.137951,0.550456,-0.130140,-0.077618,2.601560,2.542755
16.8999920,0.104432,0.545668,-0.192389,-0.141385,2.585570,3.560951
16.9200096,0.190623,0.595946,-0.144506,-0.080918,2.961664,1.360771
16.9399986,0.286391,0.605523,-0.000854,0.067865,3.041154,-1.381287
16.9599876,0.367794,0.648618,0.056607,0.137626,3.378161,-3.201904
16.9800072,0.300756,0.595946,0.061396,0.128325,2.952374,-1.906624
16.9999962,0.190623,0.595946,-0.063103,-0.000920,2.872970,1.360771
17.0199852,0.135557,0.562427,-0.206755,-0.151025,2.746588,2.732040
17.0400047,0.106826,0.576792,-0.264215,-0.206465,2.843174,3.764809
17.0599937,0.281603,0.622282,-0.053526,0.018766,3.179241,-1.058357
17.0799828,0.300756,0.634253,0.011118,0.085649,3.210740,-1.478554
17.1000023,0.248084,0.598340,0.030272,0.094720,2.892788,-0.335083
17.1199913,0.178652,0.550456,-0.082256,-0.028302,2.622194,1.269485
17.1400108,0.140345,0.543274,-0.118169,-0.066945,2.553022,2.397804
17.1599998,0.236113,0.560033,-0.041554,0.016763,2.739626,-0.391151
17.1799889,0.204988,0.598340,-0.034372,0.028571,2.881105,0.951286
17.2000084,0.190623,0.581581,-0.075073,-0.015193,2.807121,1.217194
17.2199974,0.255267,0.562427,-0.036766,0.023085,2.785462,-0.941978
17.2399883,0.204988,0.545668,-0.065496,-0.011115,2.626977,0.404343
17.2600079,0.185835,0.586369,-0.154082,-0.092292,2.910575,1.410995
17.2799950,0.228930,0.560033,-0.125352,-0.066071,2.815531,-0.173431
17.2999840,0.228930,0.610311,-0.084650,-0.017290,3.045698,0.358208
17.3200035,0.214565,0.583975,-0.051131,0.010162,2.838599,0.515617
17.3399944,0.171470,0.514543,0.001541,0.047720,2.325416,1.121971
17.3600121,0.121191,0.509755,-0.036766,0.006555,2.250552,2.683136
17.3800011,0.183441,0.512149,-0.060708,-0.013292,2.398296,0.717728
17.3999901,0.236113,0.516937,-0.060708,-0.009365,2.526446,-0.874313
17.4200115,0.252872,0.567216,-0.055920,0.004924,2.827062,-0.816788
17.4399986,0.236113,0.524120,-0.043949,0.008327,2.547766,-0.792229
17.4599876,0.133162,0.481024,-0.228302,-0.186221,2.308444,2.005486
17.4800072,0.176258,0.457082,-0.259427,-0.218469,2.286857,0.340889
17.4999981,0.046971,0.492995,-0.094227,-0.056283,2.098994,4.968925
17.5199871,0.015846,0.370891,0.066184,0.081397,1.217106,4.949448
17.5400047,0.066125,0.287094,-0.017612,-0.011638,0.906126,2.224846
17.5599937,0.011058,0.342161,-0.039161,-0.027172,1.145044,4.850952
17.5799847,0.056548,0.291882,0.087732,0.092785,0.824231,2.637115
17.6000042,0.063731,0.212874,0.054214,0.048966,0.430779,1.413368
17.6199913,0.046971,0.260758,0.190683,0.189850,0.550642,2.642410
17.6400108,-0.111046,0.196114,0.269691,0.254067,-0.086651,8.337486
17.6599998,-0.182872,0.270335,-0.000854,-0.005394,0.482600,11.820824
17.6799908,-0.096681,0.378074,-0.412656,-0.394115,1.568632,9.136772
17.7000103,0.202594,0.356526,-0.486876,-0.457188,2.013790,-1.762169
17.7199974,0.097249,0.258364,-0.209148,-0.203649,0.973950,0.712181
17.7399864,-0.151748,-0.069642,0.197865,0.150426,-1.569273,7.717072
17.7600060,-0.369620,0.054857,0.492352,0.454412,-1.178262,19.506348
17.7799969,-0.494118,-0.060065,0.439680,0.390287,-1.747267,26.246407
17.7999840,-0.692837,-0.081613,0.425315,0.378171,-1.623340,36.898209
17.8200035,-0.661713,-0.100767,0.185895,0.137205,-1.632735,35.594757
17.8399925,-0.685655,-0.064854,0.011118,-0.032010,-1.282028,36.277573
17.8600140,-0.733539,-0.040912,-0.168447,-0.206054,-0.938166,38.247688
17.8800030,-0.781423,-0.016970,-0.189995,-0.222781,-0.692351,40.089806
17.8999901,-0.779028,0.016549,-0.173236,-0.202350,-0.522673,39.421196
17.9200096,-0.752692,0.052462,-0.252244,-0.277480,-0.310840,37.693878
17.9399986,-0.649742,0.021338,-0.247456,-0.280103,-0.664248,33.371819
17.9599895,-0.664107,0.045280,-0.206755,-0.236395,-0.534939,33.765205
17.9800072,-0.745510,-0.000210,-0.029584,-0.063112,-0.786751,38.162804
17.9999962,-0.759875,-0.139074,0.154770,0.105794,-1.638610,41.332024
18.0199852,-0.834095,-0.189352,0.066184,0.016078,-1.672945,46.190025
18.0400066,-0.965776,-0.210900,-0.082256,-0.126313,-1.299474,52.950211
18.0599937,-0.889162,-0.318639,-0.221120,-0.278419,-1.998198,52.675560
18.0799828,-0.731144,-0.246813,-0.225908,-0.284231,-2.058535,42.148689
18.1000023,-0.594675,-0.239630,0.059002,-0.004141,-2.438436,33.948151
18.1199913,-0.443840,-0.383282,0.645581,0.566744,-3.668925,25.309921
18.1400127,-0.460600,-0.467079,0.918520,0.833701,-4.211450,27.517578
18.1599998,-0.692837,-0.474262,0.683888,0.603719,-3.781340,46.328331
18.1799889,-0.802971,-0.476656,0.339124,0.263808,-3.337611,53.739723
18.2000084,-0.764663,-0.364129,-0.015219,-0.083032,-2.723380,47.302597
18.2199993,-0.527637,-0.242025,-0.264215,-0.327508,-2.357950,29.783485
18.2399864,-0.367226,-0.163016,-0.328858,-0.385520,-1.926915,19.362022
18.2600060,-0.285823,-0.136680,-0.166053,-0.220510,-1.847207,14.603271
18.2799950,-0.173295,-0.079219,-0.075073,-0.122379,-1.475216,8.758621
18.2999859,-0.137382,-0.004999,0.142798,0.103060,-1.152679,7.673828
18.3200054,-0.079922,-0.105555,0.231384,0.181881,-1.690768,3.471115
18.3399925,-0.134988,-0.198929,0.142798,0.083220,-2.241292,5.117737
18.3600121,-0.237939,-0.208506,-0.017612,-0.079286,-2.325041,11.227753
18.3800011,-0.304977,-0.244419,-0.125352,-0.190552,-2.520571,15.252510
18.3999920,-0.290611,-0.249207,-0.115775,-0.181340,-2.547131,14.283302
18.4200096,-0.180478,-0.191746,0.037454,-0.021947,-2.200864,7.910507
18.4399986,0.003875,-0.170199,0.176318,0.123556,-1.854194,-2.094200
18.4599876,0.058942,-0.201323,0.355883,0.301516,-1.997038,-5.658554
18.4800091,0.030212,-0.151045,0.257721,0.207384,-1.744162,-3.052765
18.4999981,-0.041614,-0.208506,0.082944,0.025435,-2.100517,-0.415886
18.5199852,-0.111046,-0.177381,-0.051131,-0.107122,-1.971712,4.065407
18.5400047,-0.070345,-0.139074,-0.043949,-0.095018,-1.692064,2.433304
18.5599937,0.018241,-0.098372,-0.060708,-0.104341,-1.284396,-1.404282
18.5799847,0.152316,-0.100767,0.073367,0.034872,-1.066961,-7.758713
18.6000023,0.078096,-0.076825,0.166741,0.126463,-1.187829,-3.851753
18.6199913,-0.032038,-0.050488,0.226596,0.184361,-1.306661,1.888191
18.6400108,-0.072739,-0.081613,0.039848,-0.005850,-1.426383,3.455658
18.6600018,-0.039220,-0.095978,-0.015219,-0.061013,-1.413606,1.517426
18.6799889,-0.099075,-0.095978,-0.058314,-0.105707,-1.485361,4.616890
18.7000084,-0.118229,-0.110343,-0.118169,-0.167235,-1.557343,5.437935
18.7199974,0.061336,-0.026546,0.001541,-0.032910,-0.842671,-2.120781
18.7399864,0.063731,0.006972,0.114068,0.082673,-0.736004,-1.637733
18.7600079,0.063731,0.006972,0.126040,0.094556,-0.744464,-1.637733
18.7799950,-0.070345,-0.016970,-0.017612,-0.055799,-1.020235,4.240646
18.7999840,-0.055980,-0.024152,-0.156476,-0.194054,-0.940992,3.444595
18.8200035,0.013452,0.009367,-0.151688,-0.182904,-0.630846,0.669205
18.8399944,-0.015278,0.026126,-0.053526,-0.084626,-0.661504,2.234604
18.8600140,0.070913,0.030914,0.047030,0.019232,-0.543273,-1.547226
18.8800011,0.049365,-0.019364,0.085338,0.050564,-0.887849,-1.447105
18.8999901,0.001481,-0.050488,-0.000854,-0.040401,-1.094458,0.262299
18.9200115,0.149922,0.009367,0.185895,0.158377,-0.580979,-5.322998
18.9400005,0.063731,-0.002604,0.252933,0.219445,-0.884016,-1.803726
18.9599876,-0.060768,0.026126,0.159558,0.125343,-0.886647,4.342934
18.9800072,-0.079922,-0.033729,-0.132534,-0.172115,-1.050675,4.487991
18.9999962,0.020635,-0.019364,-0.161264,-0.195444,-0.770835,-0.123650
19.0199871,0.080490,0.050068,-0.094227,-0.118163,-0.312582,-1.641685
19.0400047,0.070913,0.026126,0.001541,-0.026459,-0.535810,-1.627892
19.0599937,-0.039220,0.016549,0.070972,0.036990,-0.844462,3.208862
19.0799828,0.035000,0.023732,0.126040,0.095253,-0.711548,-0.078674
19.1000042,0.035000,0.002184,0.104491,0.071401,-0.813367,-0.427383
19.1199932,0.030212,-0.016970,0.094914,0.059542,-0.920318,-0.526962
19.1400108,-0.084710,-0.033729,-0.017612,-0.058109,-1.136955,4.725273
19.1599998,-0.017672,0.021338,-0.091833,-0.123292,-0.664552,2.276299
19.1799889,0.061336,0.033309,-0.036766,-0.064047,-0.488134,-1.089012
19.2000103,0.025423,0.071616,-0.000854,-0.025356,-0.374054,1.071396
19.2199974,0.073307,0.030914,0.099703,0.071598,-0.576762,-1.651550
19.2399864,0.008664,0.006972,0.059002,0.025739,-0.805586,0.851311
19.2600060,-0.046403,-0.009787,0.051819,0.014729,-0.989670,3.184120
19.2799969,0.011058,-0.000210,0.073367,0.039273,-0.850693,0.628967
19.2999840,-0.036826,0.052462,-0.008036,-0.037121,-0.582952,3.576492
19.3200035,0.011058,0.023732,-0.022401,-0.053021,-0.650072,0.999054
19.3399925,0.044577,0.014155,-0.051131,-0.081276,-0.616983,-0.662117
19.3600121,0.080490,0.059645,-0.039161,-0.062403,-0.302263,-1.484131
19.3800030,0.044577,0.047674,0.051819,0.024806,-0.508718,-0.125023
19.3999901,0.042183,0.006972,0.149981,0.117398,-0.805134,-0.673111
19.4200096,-0.010490,-0.019364,0.114068,0.076724,-1.023649,1.335083
19.4399986,-0.020067,-0.033729,0.032665,-0.006062,-1.064641,1.568283
19.4599895,-0.017672,-0.004999,-0.043949,-0.078820,-0.846965,1.891983
19.4800091,0.006270,0.011761,-0.075073,-0.106878,-0.687289,1.034836
19.4999962,0.035000,0.030914,-0.029584,-0.058337,-0.559452,0.034966
19.5199852,0.073307,0.028520,0.104491,0.076072,-0.593098,-1.691971
19.5400047,0.037394,0.016549,0.109280,0.077891,-0.733988,-0.301125
19.5599957,-0.017672,-0.028941,0.032665,-0.005445,-1.033815,1.527931
19.5799828,-0.017672,-0.036123,-0.070285,-0.108487,-1.002723,1.415863
19.6000023,-0.024855,-0.048094,0.054214,0.013596,-1.167427,1.574997
19.6199913,0.001481,0.014155,0.097309,0.064314,-0.806265,1.290642
19.6400127,0.042183,0.014155,0.082944,0.051677,-0.718834,-0.554855
19.6599998,0.039788,0.018943,0.056607,0.025990,-0.678618,-0.369698
19.6799889,0.039788,0.002184,-0.012824,-0.044847,-0.720371,-0.644402
19.7000084,0.013452,-0.007393,-0.075073,-0.108809,-0.780437,0.404335
19.7199974,-0.065556,-0.045700,-0.051131,-0.092151,-1.152233,3.611870
19.7399883,-0.111046,-0.064854,0.061396,0.016262,-1.403514,5.654930
19.7600060,-0.046403,-0.045700,0.130828,0.089239,-1.242387,2.665779
19.7799950,0.078096,0.038097,-0.031978,-0.057971,-0.430484,-1.738411
19.7999840,0.157104,0.090770,-0.166053,-0.180447,0.139018,-4.117058
19.8200054,0.128374,-0.036123,-0.065496,-0.097310,-0.691182,-5.301079
19.8399925,-0.108652,-0.153439,0.152376,0.097739,-1.953467,4.299599
19.8600121,-0.182872,-0.136680,0.317575,0.262072,-2.050850,8.683334
19.8800011,-0.024855,-0.086401,0.231384,0.185595,-1.492321,0.951279
19.8999920,0.013452,-0.072036,0.013512,-0.027996,-1.199148,-0.687988
19.9200115,-0.029643,-0.072036,-0.094227,-0.136643,-1.209676,1.427757
19.9399986,-0.020067,-0.038517,-0.118169,-0.156393,-0.987027,1.493530
19.9599876,0.042183,-0.009787,-0.046343,-0.079384,-0.757174,-0.954292
19.9800072,0.109220,-0.012181,0.032665,0.001829,-0.680313,-3.992218
19.9999981,0.056548,-0.040912,0.135616,0.098427,-1.023387,-2.162636
20.0199852,-0.055980,-0.115132,0.173923,0.124501,-1.668779,2.066307
20.0400047,-0.149353,-0.112738,0.106886,0.055548,-1.753680,7.093697
20.0599937,-0.048797,-0.103161,0.025483,-0.021626,-1.497091,1.889854
20.0799847,-0.012884,-0.086401,-0.034372,-0.078106,-1.298500,0.353241
20.1000042,-0.029643,-0.007393,-0.180418,-0.214999,-0.783536,2.421051
20.1199913,0.058942,-0.043306,-0.178024,-0.213151,-0.811272,-2.317162
20.1400108,-0.012884,-0.055277,-0.065496,-0.105673,-1.104229,0.877174
20.1599998,-0.091893,-0.117526,0.061396,0.011282,-1.671879,3.925423
20.1799908,-0.046403,-0.131891,-0.034372,-0.084000,-1.615048,1.281273
20.2000084,0.003875,-0.151045,-0.156476,-0.205512,-1.543284,-1.702881
20.2199974,-0.168507,-0.225265,-0.113380,-0.174984,-2.293660,6.748817
20.2399864,-0.333707,-0.301880,0.169135,0.097710,-3.017865,16.972786
20.2600079,-0.209208,-0.206111,0.394190,0.331383,-2.506444,9.481125
20.2799950,0.054154,-0.191746,0.456439,0.402235,-2.016380,-5.183800
20.2999840,-0.079922,-0.225265,0.312787,0.251510,-2.390952,1.442841
20.3200035,-0.242727,-0.268361,0.087732,0.020180,-2.732444,10.967644
20.3399925,-0.235545,-0.318639,0.085338,0.013676,-3.014383,9.932121
20.3600140,-0.453417,-0.222871,0.121251,0.057129,-2.517383,24.881256
20.3800011,-0.534820,-0.285120,0.039848,-0.028386,-2.765993,30.784431
20.3999901,-0.506090,-0.328216,0.013512,-0.058650,-3.032566,29.364784
20.4200096,-0.474965,-0.256390,0.006330,-0.060118,-2.637912,26.513145
20.4400005,-0.489330,-0.184564,0.039848,-0.019981,-2.227594,26.849358
20.4599876,-0.532426,-0.227659,0.145193,0.081529,-2.494668,29.920174
20.4800072,-0.781423,-0.172593,0.111674,0.060557,-1.742855,43.143372
20.4999962,-0.716779,-0.220477,0.032665,-0.025039,-2.097600,40.749435
20.5199871,-0.630588,-0.285120,0.068579,0.002326,-2.641406,36.992279
20.5400066,-0.762269,-0.265967,0.090126,0.029821,-2.270690,44.363541
20.5599937,-0.855643,-0.206111,0.039848,-0.010633,-1.685457,47.680740
20.5799828,-0.893950,-0.179775,-0.084650,-0.129902,-1.361892,48.822235
20.6000023,-0.853249,-0.189352,-0.108592,-0.156755,-1.510920,47.130135
20.6199932,-0.886768,-0.174987,-0.029584,-0.075099,-1.394056,48.362007
20.6400108,-0.901133,-0.177381,0.068579,0.023008,-1.428898,49.093170
20.6599998,-0.862826,-0.184564,0.044637,-0.003484,-1.557755,47.471428
20.6799889,-0.944228,-0.194140,0.001541,-0.042768,-1.340539,51.511734
20.7000084,-1.023237,-0.191746,-0.067891,-0.106511,-1.024554,54.846458
20.7199993,-0.989718,-0.201323,-0.067891,-0.109631,-1.183552,53.713821
20.7399864,-1.011266,-0.206111,-0.022401,-0.063484,-1.165279,54.771393
20.7600060,-1.047179,-0.203717,0.015906,-0.022774,-1.056540,56.182762
20.7799950,-1.030420,-0.184564,-0.048738,-0.086315,-0.978990,54.932121
20.7999859,-0.805365,-0.167804,0.099703,0.050145,-1.653241,44.244682
20.8200035,-0.858037,-0.103161,0.262509,0.220819,-1.290624,45.306046
20.8399925,-1.011266,-0.163016,0.130828,0.092813,-1.062614,53.528175
20.8600121,-1.071121,-0.196535,-0.137322,-0.172540,-0.830486,56.922806
20.8800030,-1.025631,-0.177381,-0.161264,-0.197679,-0.881128,54.527863
20.8999901,-0.946623,-0.117526,0.039848,0.002955,-0.975801,49.591217
20.9200096,-1.042391,-0.151045,0.097309,0.062769,-0.880699,54.460083
20.9399986,-1.080698,-0.189352,0.025483,-0.009526,-0.878298,57.082115
20.9599876,-1.121399,-0.215688,-0.096622,-0.130145,-0.762343,59.446915
20.9800091,-1.085486,-0.218082,-0.048738,-0.085558,-0.941280,58.147461
20.9999962,-1.085486,-0.155833,-0.003247,-0.034458,-0.685092,56.284462
21.0199852,-0.925075,-0.148651,0.145193,0.103248,-1.265355,49.434624
21.0400047,-0.975353,-0.127103,0.195472,0.158268,-1.044406,51.059502
21.0599957,-1.044785,-0.163016,0.035060,-0.000039,-0.886047,54.893570
21.0799828,-1.133370,-0.186958,-0.127746,-0.157366,-0.563741,59.004745
21.1000023,-1.119005,-0.206111,-0.170841,-0.203094,-0.673622,59.058197
21.1199913,-1.147736,-0.186958,-0.077468,-0.106334,-0.546926,59.529663
21.1400108,-1.028026,-0.213294,0.051819,0.010700,-1.192109,55.687447
21.1600018,-1.004083,-0.196535,0.207442,0.165298,-1.295823,54.185936
21.1799889,-1.095063,-0.177381,0.140405,0.106754,-0.852828,57.279747
21.2000084,-0.977747,-0.184564,0.075761,0.033918,-1.237140,52.716675
21.2199974,-1.095063,-0.141468,0.018300,-0.010944,-0.600099,56.240524
21.2399883,-1.095063,-0.186958,0.003935,-0.029633,-0.800640,57.565369
21.2600060,-1.063938,-0.196535,0.023088,-0.013789,-0.969253,56.638634
21.2799950,-1.095063,-0.222871,0.032665,-0.004455,-0.984560,58.669724
21.2999840,-1.169283,-0.198929,-0.034372,-0.062960,-0.549899,60.671021
21.3200054,-1.097457,-0.215688,-0.000854,-0.036901,-0.919887,58.536880
21.3399944,-1.128582,-0.155833,0.011118,-0.016941,-0.542101,57.903168
21.3600121,-1.157312,-0.210900,-0.115775,-0.145835,-0.589038,60.616867
21.3800011,-1.107034,-0.213294,-0.087045,-0.121525,-0.812404,58.828934
21.3999920,-1.121399,-0.208506,0.039848,0.005990,-0.827479,59.222351
21.4200115,-1.102246,-0.208506,0.080549,0.044948,-0.926502,58.497345
21.4399986,-1.099851,-0.230054,0.051819,0.014272,-1.012362,59.082062
21.4599876,-1.111822,-0.227659,-0.029584,-0.065439,-0.900337,59.463898
21.4800072,-1.133370,-0.304274,-0.031978,-0.072839,-1.150656,62.849854
21.4999981,-1.142947,-0.292303,0.118856,0.078753,-1.163073,62.786270
21.5199852,-1.059150,-0.210900,0.221807,0.181924,-1.186184,56.883492
21.5400047,-1.054362,-0.227659,0.118856,0.077797,-1.211477,57.209404
21.5599937,-1.090275,-0.227659,-0.043949,-0.081328,-0.970759,58.635178
21.5799847,-1.044785,-0.246813,-0.099015,-0.141049,-1.188188,57.425133
21.6000042,-1.130976,-0.239630,-0.020007,-0.055532,-0.887449,60.569794
21.6199913,-1.107034,-0.280332,0.121251,0.079382,-1.253559,61.017029
21.6400108,-1.130976,-0.270755,0.159558,0.120071,-1.145659,61.601288
21.6599998,-1.107034,-0.265967,0.087732,0.047309,-1.168798,60.531464
21.6799908,-1.092669,-0.251601,0.011118,-0.028614,-1.107893,59.499268
21.7000103,-1.135764,-0.244419,-0.087045,-0.122141,-0.842586,60.903900
21.7199974,-1.114217,-0.237236,-0.067891,-0.104161,-0.907278,59.861801
21.7399864,-1.164495,-0.242025,-0.041554,-0.074450,-0.751869,61.873917
21.7600060,-1.130976,-0.242025,0.003935,-0.031976,-0.914857,60.647659
21.7799969,-1.140553,-0.242025,0.061396,0.025829,-0.918104,61.002823
21.7999840,-1.104640,-0.258784,0.097309,0.057266,-1.152768,60.200027
21.8200035,-1.135764,-0.265967,0.087732,0.049509,-1.058300,61.618500
21.8399925,-1.157312,-0.265967,0.008723,-0.027239,-0.919082,62.410080
21.8600140,-1.114217,-0.249207,-0.003247,-0.041045,-1.005808,60.251114
21.8800011,-1.042391,-0.230054,0.015906,-0.025530,-1.196301,56.796257
21.8999901,-1.078304,-0.196535,-0.015219,-0.050791,-0.891484,57.204849
21.9200096,-1.092669,-0.270755,0.044637,0.003010,-1.215712,60.134445
21.9399986,-1.178860,-0.270755,0.054214,0.019275,-0.884960,63.343979
21.9599895,-1.190831,-0.282726,0.059002,0.024002,-0.889624,64.174194
21.9800072,-1.183649,-0.282726,0.047030,0.011517,-0.910521,63.922562
21.9999962,-1.157312,-0.261178,-0.051131,-0.086246,-0.856359,62.249146
22.0199852,-1.152524,-0.256390,-0.039161,-0.074328,-0.863170,61.915176
22.0400066,-1.133370,-0.304274,0.066184,0.024680,-1.216614,62.849854
22.0599937,-1.135764,-0.246813,0.097309,0.060692,-0.982093,60.982315
22.0799828,-1.119005,-0.261178,0.039848,0.001069,-1.069724,60.828720
22.1000023,-1.130976,-0.251601,-0.003247,-0.039960,-0.951901,60.961578
22.1199913,-1.119005,-0.249207,0.011118,-0.026411,-0.997400,60.432816
22.1400127,-1.157312,-0.249207,0.013512,-0.021013,-0.850465,61.851059
22.1599998,-1.178860,-0.270755,-0.010430,-0.044903,-0.839431,63.343979
22.1799889,-1.174072,-0.256390,0.023088,-0.010771,-0.821581,62.690659
22.2000084,-1.162101,-0.273149,0.063790,0.027207,-0.968819,62.826599
22.2199993,-1.154918,-0.282726,-0.020007,-0.057408,-0.980208,62.893997
22.2399864,-1.207591,-0.280332,-0.055920,-0.088446,-0.728896,64.670517
22.2600060,-1.241109,-0.289909,0.061396,0.030118,-0.711604,66.124435
22.2799950,-1.207591,-0.275543,-0.024796,-0.057141,-0.731498,64.506348
22.2999859,-1.054362,-0.213294,-0.084650,-0.123031,-1.006653,56.764359
22.3199654,-1.011266,-0.215688,0.082944,0.040293,-1.281117,55.058472
22.3399544,-1.095063,-0.230054,0.097309,0.059095,-1.061088,58.897079
22.3599758,-1.157312,-0.297091,-0.127746,-0.165425,-0.956293,63.480270
22.3799629,-1.248292,-0.335398,-0.185206,-0.217740,-0.681869,67.979568
22.3999519,-1.095063,-0.347369,-0.039161,-0.086426,-1.484640,62.943283
22.4199715,-0.968170,-0.273149,0.133222,0.082472,-1.729114,54.966743
22.4399605,-0.992112,-0.340187,0.327152,0.271424,-2.066437,58.338791
22.4599514,-1.281811,-0.471868,0.468410,0.424679,-1.459531,74.383331
22.4799690,-1.408703,-0.474262,0.257721,0.227523,-0.730603,77.906204
