Keuwl Accelerometer Data File
2023-11-03 02:24:32

Time (s), X (m/s2), Y (m/s2), Z (m/s2), R (m/s2), Theta (deg), Phi (deg)
0.0000000,-0.169988,0.459687,9.806650,9.818890,2.861086,110.293976
0.0049744,-0.210690,0.577003,9.847352,9.866492,3.569467,110.059425
0.0099793,-0.229843,0.648829,9.892841,9.916759,3.980199,109.506363
0.0149842,-0.229843,0.687136,9.919178,9.945606,4.177858,108.494820
0.0199889,-0.203507,0.742203,9.844957,9.874991,4.469797,105.333282
0.0249938,-0.184354,0.744597,9.708488,9.738744,4.517570,103.906128
0.0299988,-0.191536,0.737414,9.646238,9.676279,4.515965,104.560272
0.0349732,-0.215478,0.711078,9.612720,9.641392,4.419826,106.858398
0.0399781,-0.203507,0.723049,9.605537,9.634862,4.471375,105.719627
0.0449830,-0.181959,0.634463,9.610326,9.632965,3.928947,106.002495
0.0499877,-0.107739,0.565032,9.643845,9.660984,3.413403,100.795456
0.0549926,-0.057461,0.488417,9.677363,9.689851,2.909124,96.709839
0.0599975,-0.028730,0.409408,9.686940,9.695630,2.426000,94.014175
0.0649719,-0.004788,0.320823,9.725247,9.730539,1.889688,90.855095
0.0699768,0.026336,0.258574,9.710882,9.714359,1.533018,84.184372
0.0749818,0.055067,0.205901,9.722853,9.725188,1.255697,75.027122
0.0799865,0.064643,0.138864,9.758766,9.759969,0.899399,65.037209
0.0849914,0.059855,0.102951,9.792285,9.793009,0.696612,59.826477
0.0899963,0.050278,0.114922,9.830592,9.831392,0.730881,66.370621
0.0950011,-0.004788,0.160412,9.840169,9.841477,0.934399,91.709816
0.0999756,-0.064643,0.239420,9.840169,9.843293,1.443607,105.109573
0.1049805,-0.165200,0.363919,9.871294,9.879381,2.318493,114.415550
0.1099855,-0.253785,0.505177,9.864111,9.880299,3.280203,116.673569
0.1149902,-0.265756,0.574608,9.844957,9.865293,3.679456,114.820541
0.1199951,-0.299275,0.644040,9.892841,9.918300,4.106084,114.923538
0.1250000,-0.306458,0.679953,9.914390,9.942403,4.302066,114.261292
0.1299744,-0.299275,0.706290,9.895236,9.924923,4.432659,112.963776
0.1349793,-0.268151,0.696713,9.876082,9.904258,4.322776,111.050705
0.1399842,-0.232238,0.687136,9.876082,9.902681,4.200392,108.674179
0.1449889,-0.222661,0.699107,9.868899,9.896135,4.251832,107.666321
0.1499938,-0.198719,0.660800,9.866506,9.890605,4.000516,106.737328
0.1549988,-0.167594,0.586579,9.856929,9.875789,3.541548,105.945396
0.1599731,-0.136469,0.536301,9.864111,9.879622,3.210954,104.276726
0.1649781,-0.098162,0.490811,9.871294,9.883976,2.902792,101.309929
0.1699830,-0.098162,0.421380,9.852140,9.861636,2.514583,103.113434
0.1749879,-0.112527,0.375890,9.753978,9.761867,2.303588,106.665756
0.1799926,-0.158017,0.411803,9.677363,9.687409,2.609545,110.992851
0.1849975,-0.172383,0.474052,9.588778,9.602036,3.011359,109.983109
0.1899719,-0.177171,0.507571,9.519346,9.534514,3.232284,109.241882
0.1949768,-0.165200,0.588974,9.500193,9.519866,3.684136,105.668159
0.1999815,-0.160412,0.641646,9.533711,9.556625,3.968472,104.036247
0.2049865,-0.150835,0.653617,9.581595,9.605047,4.004626,102.994614
0.2099914,-0.172383,0.663194,9.660604,9.684875,4.057289,104.570343
0.2149963,-0.217872,0.667982,9.718064,9.743431,4.135312,108.064507
0.2200012,-0.258574,0.651223,9.811439,9.836426,4.084805,111.655991
0.2249756,-0.296881,0.629675,9.844957,9.869539,4.044720,115.243080
0.2299805,-0.308852,0.639252,9.842564,9.868135,4.125687,115.787331
0.2349852,-0.287304,0.632069,9.787497,9.812092,4.057627,114.443954
0.2399902,-0.232238,0.632069,9.744401,9.767640,3.953096,110.174553
0.2449951,-0.201113,0.682347,9.679757,9.705861,4.203095,106.422188
0.2500000,-0.165200,0.665588,9.619903,9.644316,4.077607,103.939217
0.2549744,-0.134075,0.672771,9.581595,9.606121,4.095099,101.270714
0.2599793,-0.093374,0.682347,9.560047,9.584823,4.120510,97.792076
0.2649840,-0.081403,0.653617,9.598354,9.620927,3.925606,97.099182
0.2699889,-0.088585,0.627281,9.660604,9.681353,3.751863,98.038231
0.2749938,-0.143652,0.615310,9.698911,9.719471,3.727411,103.141068
0.2799988,-0.181959,0.622492,9.684546,9.706237,3.831190,106.294044
0.2849731,-0.198719,0.617704,9.703699,9.725370,3.825666,107.833267
0.2899781,-0.222661,0.593762,9.722853,9.743510,3.731611,110.556046
0.2949830,-0.191536,0.605733,9.763555,9.784201,3.722785,107.547241
0.2999877,-0.148441,0.598550,9.763555,9.783010,3.614113,103.928345
0.3049926,-0.134075,0.584185,9.720459,9.738920,3.528421,102.926003
0.3099975,-0.112527,0.588974,9.627085,9.645741,3.564088,100.816399
0.3149719,-0.114922,0.612916,9.567230,9.587531,3.729197,100.619652
0.3199768,-0.119710,0.617704,9.524135,9.544895,3.779630,100.967873
0.3249817,-0.162806,0.660800,9.507375,9.531702,4.094430,103.840698
0.3299865,-0.167594,0.658405,9.490616,9.514903,4.094669,104.281097
0.3349914,-0.191536,0.644040,9.509769,9.533478,4.041572,106.562363
0.3399963,-0.181959,0.639252,9.545682,9.568792,3.982904,105.888695
0.3450012,-0.189142,0.629675,9.538500,9.561132,3.943077,106.719231
0.3499756,-0.184354,0.644040,9.567230,9.590655,4.005360,105.973526
0.3549805,-0.203507,0.653617,9.574412,9.598854,4.089644,107.294250
0.3599852,-0.160412,0.653617,9.610326,9.633862,4.005897,103.789063
0.3649901,-0.131681,0.641646,9.622296,9.644565,3.894254,101.597435
0.3699951,-0.126893,0.644040,9.627085,9.649438,3.900685,101.145996
0.3750000,-0.076614,0.603339,9.670180,9.689287,3.598803,97.236923
0.3799744,-0.100556,0.591368,9.708488,9.727001,3.535627,99.650299
0.3849793,-0.062249,0.579397,9.698911,9.716401,3.438320,96.132225
0.3899842,-0.055067,0.567426,9.641450,9.658290,3.383908,95.542992
0.3949889,-0.059855,0.574608,9.600749,9.618115,3.443612,95.946861
0.3999938,-0.035913,0.579397,9.636662,9.654130,3.447249,93.546852
0.4049988,-0.014365,0.533907,9.667787,9.682528,3.162112,91.541222
0.4099731,-0.026336,0.514753,9.689334,9.703033,3.044976,92.928856
0.4149781,-0.033519,0.529119,9.701305,9.715782,3.128189,93.624756
0.4199830,-0.059855,0.538695,9.722853,9.737948,3.190710,96.340195
0.4249877,-0.100556,0.553061,9.698911,9.715187,3.317060,100.304848
0.4299926,-0.124498,0.591368,9.660604,9.679487,3.579546,101.888657
0.4349975,-0.138864,0.620098,9.639056,9.659980,3.771799,102.622467
0.4399719,-0.102951,0.620098,9.677363,9.697757,3.716415,99.426445
0.4449768,-0.098162,0.627281,9.691729,9.712503,3.748156,98.894005
0.4499815,-0.088585,0.632069,9.689334,9.710332,3.768683,97.978127
0.4549865,-0.098162,0.639252,9.684546,9.706117,3.820595,98.730034
0.4599914,-0.102951,0.648829,9.684546,9.706801,3.880653,99.016045
0.4649963,-0.110133,0.646434,9.672575,9.694777,3.878382,99.668671
0.4700012,-0.055067,0.658405,9.691729,9.714223,3.899882,94.780884
0.4749756,-0.055067,0.622492,9.701305,9.721412,3.685624,95.055313
0.4799805,-0.064643,0.627281,9.722853,9.743281,3.710932,95.883759
0.4849855,-0.090980,0.617704,9.756371,9.776330,3.661746,98.378670
0.4899901,-0.100556,0.615310,9.739613,9.759548,3.662762,99.281464
0.4949951,-0.129287,0.581791,9.734824,9.753051,3.503361,102.528809
0.5000000,-0.141258,0.569820,9.703699,9.721441,3.462097,103.922897
0.5049744,-0.124498,0.505177,9.603143,9.617228,3.101288,103.844406
0.5099793,-0.074220,0.483629,9.560047,9.572560,2.929910,98.724846
0.5149842,0.002394,0.502782,9.746795,9.759754,2.953003,89.727165
0.5199889,-0.028730,0.481235,9.916783,9.928494,2.783193,93.416588
0.5249938,-0.155623,0.481235,9.931149,9.944019,2.915442,107.920326
0.5299988,-0.225055,0.519542,9.825804,9.842103,3.297881,113.421280
0.5349731,-0.251391,0.529119,9.787497,9.805012,3.425198,115.413002
0.5399780,-0.251391,0.533907,9.825804,9.843509,3.436953,115.213493
0.5449830,-0.210690,0.533907,9.888053,9.904697,3.322073,111.535126
0.5499879,-0.177171,0.531513,9.959879,9.975624,3.219601,108.434952
0.5549926,-0.177171,0.524330,9.935937,9.951339,3.188132,108.670090
0.5599976,-0.138864,0.521936,9.926360,9.941043,3.114453,104.898697
0.5649719,-0.146046,0.514753,9.897630,9.912083,3.094463,105.839752
0.5699768,-0.220267,0.555455,9.856929,9.875024,3.469103,111.630882
0.5749816,-0.268151,0.608127,9.854534,9.876922,3.858438,113.794838
0.5799864,-0.263362,0.627281,9.816227,9.839774,3.964621,112.774971
0.5849913,-0.284910,0.651223,9.801862,9.827601,4.147748,113.629379
0.5899963,-0.263362,0.677559,9.787497,9.814455,4.247684,111.240738
0.5950012,-0.239420,0.672771,9.761160,9.787246,4.184135,109.589218
0.5999756,-0.217872,0.703895,9.763555,9.791319,4.315839,107.198540
0.6049805,-0.179565,0.682347,9.720459,9.746033,4.151618,104.743561
0.6099852,-0.146046,0.699107,9.710882,9.737110,4.206309,101.799629
0.6149901,-0.107739,0.689530,9.686940,9.712048,4.120748,98.880661
0.6199951,-0.086191,0.691924,9.686940,9.712003,4.117086,97.100616
0.6250000,-0.083797,0.663194,9.686940,9.709977,3.947544,97.201378
0.6299744,-0.093374,0.679953,9.672575,9.696895,4.058737,97.819176
0.6349793,-0.090980,0.689530,9.689334,9.714264,4.105702,97.516441
0.6399840,-0.088585,0.646434,9.725247,9.747110,3.838288,97.803040
0.6449889,-0.086191,0.646434,9.737218,9.759033,3.831752,97.594643
0.6499938,-0.119710,0.667982,9.746795,9.770391,3.982855,100.160210
0.6549988,-0.131681,0.653617,9.773131,9.795849,3.902843,101.390633
0.6599731,-0.146046,0.636858,9.792285,9.814059,3.817365,102.915939
0.6649780,-0.143652,0.617704,9.789890,9.810410,3.706391,103.091896
0.6699830,-0.131681,0.612916,9.818622,9.838614,3.653288,102.125320
0.6749879,-0.079009,0.591368,9.828198,9.846291,3.473840,97.609840
0.6799926,-0.057461,0.572214,9.813833,9.830669,3.353746,95.734329
0.6849976,-0.055067,0.577003,9.813833,9.830935,3.380088,95.451553
0.6899719,-0.043096,0.565032,9.801862,9.818229,3.308786,94.361572
0.6949768,-0.064643,0.581791,9.794679,9.812155,3.420107,96.340195
0.6999817,-0.079009,0.588974,9.761160,9.779232,3.483802,97.640404
0.7049864,-0.090980,0.622492,9.725247,9.745574,3.701210,98.315125
0.7099913,-0.088585,0.636858,9.684546,9.705867,3.798441,97.918900
0.7149963,-0.114922,0.632069,9.651027,9.672385,3.808326,100.304848
0.7200012,-0.126893,0.639252,9.607931,9.630010,3.880553,101.227371
0.7249756,-0.126893,0.615310,9.540894,9.561556,3.767384,101.652504
0.7299805,-0.114922,0.574608,9.493010,9.511079,3.532358,101.309929
0.7349852,-0.074220,0.577003,9.469068,9.486921,3.515690,97.329750
0.7399901,-0.083797,0.560243,9.406818,9.423860,3.446169,98.506821
0.7449951,-0.062249,0.557849,9.406818,9.423551,3.414837,96.367180
0.7500000,-0.057461,0.572214,9.433155,9.450669,3.488744,95.734329
0.7549744,-0.047884,0.569820,9.469068,9.486318,3.455814,94.803490
0.7599793,-0.011971,0.567426,9.540894,9.557759,3.404271,91.208595
0.7649840,-0.014365,0.553061,9.607931,9.623847,3.295625,91.487869
0.7699889,-0.031125,0.581791,9.682152,9.699665,3.443555,93.062286
0.7749938,-0.026336,0.562637,9.739613,9.755886,3.309851,92.679977
0.7799988,-0.031125,0.557849,9.773131,9.789089,3.272016,93.193451
0.7849731,0.004788,0.572214,9.828198,9.844843,3.332194,89.520546
0.7899780,0.014365,0.577003,9.888053,9.904884,3.340703,88.573845
0.7949830,-0.031125,0.557849,9.914390,9.930120,3.225494,93.193451
0.7999877,-0.062249,0.567426,9.921572,9.937979,3.292772,96.260574
0.8049926,-0.076614,0.555455,9.909601,9.925452,3.238517,97.853310
0.8099976,-0.067038,0.555455,9.876082,9.891917,3.242383,96.881721
0.8149719,-0.055067,0.581791,9.847352,9.864677,3.396267,95.406952
0.8199768,-0.040701,0.557849,9.789890,9.805856,3.269981,94.172981
0.8249817,-0.031125,0.562637,9.734824,9.751120,3.312867,93.166328
0.8299864,0.000000,0.581791,9.691729,9.709175,3.435301,90.000000
0.8349913,-0.009577,0.567426,9.660604,9.677258,3.361967,90.966927
0.8399963,0.007183,0.579397,9.629479,9.646897,3.443555,89.289757
0.8450011,-0.002394,0.560243,9.612720,9.629032,3.335541,90.244850
0.8499756,-0.009577,0.572214,9.595961,9.613011,3.413059,90.958839
0.8549805,-0.033519,0.550666,9.627085,9.642879,3.279845,93.483269
0.8599855,-0.043096,0.591368,9.670180,9.688341,3.508722,94.168030
0.8649901,-0.083797,0.608127,9.698911,9.718318,3.621582,97.845680
0.8699951,-0.076614,0.612916,9.734824,9.754401,3.630653,97.125015
0.8750000,-0.052672,0.622492,9.768343,9.788299,3.659232,94.836586
0.8799744,-0.035913,0.629675,9.797073,9.817353,3.683392,93.264282
0.8849793,-0.040701,0.651223,9.832987,9.854612,3.796482,93.576332
0.8899843,-0.059855,0.653617,9.832987,9.854868,3.818801,95.232269
0.8949889,-0.035913,0.639252,9.837775,9.858588,3.723679,93.215485
0.8999938,-0.028730,0.610521,9.830592,9.849573,3.557599,92.694283
0.9049988,-0.026336,0.600945,9.825804,9.844199,3.503249,92.509361
0.9099731,-0.062249,0.593762,9.813833,9.831976,3.481272,95.984955
0.9149780,-0.112527,0.550666,9.816227,9.832304,3.276978,101.549263
0.9199830,-0.155623,0.550666,9.797073,9.813770,3.342695,105.780754
0.9249877,-0.169988,0.548272,9.763555,9.780414,3.364645,107.225716
0.9299926,-0.148441,0.543484,9.732430,9.748722,3.312985,105.276474
0.9349976,-0.172383,0.543484,9.698911,9.715655,3.364354,107.598015
0.9399719,-0.179565,0.557849,9.679757,9.697481,3.464641,107.842766
0.9449768,-0.181959,0.577003,9.667787,9.686699,3.580913,107.502808
0.9499816,-0.138864,0.572214,9.677363,9.695260,3.481834,103.640717
0.9549865,-0.141258,0.584185,9.698911,9.717515,3.545968,103.593384
0.9599913,-0.134075,0.577003,9.708488,9.726542,3.491605,103.081406
0.9649963,-0.122104,0.579397,9.725247,9.743257,3.484195,101.900589
0.9700011,-0.136469,0.565032,9.761160,9.778452,3.407892,103.578346
0.9749756,-0.146046,0.577003,9.777920,9.796019,3.483408,104.203941
0.9799805,-0.138864,0.577003,9.794679,9.812642,3.467409,103.531693
0.9849855,-0.167594,0.581791,9.797073,9.815763,3.536292,106.069885
0.9899901,-0.126893,0.596156,9.768343,9.787340,3.570454,102.016159
0.9949951,-0.093374,0.577003,9.770737,9.788204,3.423483,99.192245
1.0000000,-0.069432,0.536301,9.785102,9.800034,3.163226,97.376724
1.0049744,-0.050278,0.536301,9.770737,9.785573,3.155481,95.355827
1.0099792,-0.098162,0.514753,9.761160,9.775216,3.073006,100.796547
1.0149843,-0.110133,0.514753,9.730036,9.744265,3.096740,102.076553
1.0199889,-0.126893,0.517148,9.720459,9.735033,3.135565,103.786316
1.0249938,-0.122104,0.490811,9.706094,9.719263,2.983013,103.970459
1.0299988,-0.117316,0.517148,9.684546,9.699053,3.134128,102.781334
1.0349731,-0.129287,0.526724,9.643845,9.659083,3.218871,103.790863
1.0399780,-0.117316,0.562637,9.634268,9.651396,3.413976,101.778023
1.0449829,-0.114922,0.572214,9.658210,9.675828,3.458136,101.356026
1.0499879,-0.136469,0.615310,9.672575,9.693088,3.728146,102.505203
1.0549926,-0.177171,0.636858,9.682152,9.704692,3.905802,105.546326
1.0599976,-0.177171,0.634463,9.686940,9.709312,3.890280,105.602142
1.0649719,-0.148441,0.641646,9.682152,9.704525,3.891336,103.025841
1.0699768,-0.158017,0.620098,9.694122,9.715219,3.776624,104.296204
1.0749815,-0.114922,0.579397,9.703699,9.721661,3.483408,101.218842
1.0799865,-0.129287,0.569820,9.722853,9.740394,3.439060,102.783455
1.0849913,-0.134075,0.560243,9.725247,9.742293,3.389862,103.458687
1.0899962,-0.112527,0.555455,9.720459,9.736966,3.336774,101.452339
1.0950012,-0.088585,0.555455,9.684546,9.700866,3.323958,99.061378
1.0999757,-0.083797,0.577003,9.636662,9.654284,3.462380,98.263191
1.1049805,-0.081403,0.598550,9.624691,9.643628,3.591233,97.744713
1.1099854,-0.105345,0.624887,9.586384,9.607306,3.782013,99.569084
1.1149902,-0.129287,0.627281,9.533711,9.555201,3.843335,101.645973
1.1199951,-0.150835,0.648829,9.524135,9.547401,4.000859,103.087227
1.1250000,-0.143652,0.622492,9.514558,9.535981,3.841297,102.994614
1.1299744,-0.160412,0.603339,9.557653,9.578021,3.737221,104.888954
1.1349792,-0.153229,0.593762,9.617508,9.637037,3.648246,104.470291
1.1399840,-0.162806,0.591368,9.653421,9.672888,3.635612,105.392426
1.1449889,-0.186748,0.586579,9.706094,9.725595,3.629035,107.659775
1.1499938,-0.148441,0.569820,9.703699,9.721549,3.472600,104.601273
1.1549988,-0.122104,0.560243,9.720459,9.737356,3.375857,102.295265
1.1599731,-0.143652,0.553061,9.746795,9.763530,3.355147,104.560272
1.1649780,-0.201113,0.562637,9.751583,9.769872,3.506322,109.669266
1.1699829,-0.210690,0.579397,9.739613,9.759106,3.621960,109.983109
1.1749879,-0.196325,0.550666,9.742006,9.759532,3.434218,109.622253
1.1799926,-0.169988,0.505177,9.751583,9.766139,3.128627,108.597725
1.1849974,-0.172383,0.471658,9.770737,9.783632,2.942111,110.076462
1.1899719,-0.193930,0.438139,9.823410,9.835088,2.792391,113.875282
1.1949768,-0.201113,0.426168,9.854534,9.865795,2.737811,115.263100
1.1999818,-0.210690,0.414197,9.861717,9.872660,2.697838,116.961098
1.2049865,-0.184354,0.433351,9.878476,9.889695,2.729361,113.045601
1.2099913,-0.165200,0.445322,9.861717,9.873149,2.757473,110.353226
1.2149963,-0.129287,0.447716,9.868899,9.879895,2.703419,106.107132
1.2200012,-0.102951,0.474052,9.868899,9.880815,2.814108,102.252762
1.2249756,-0.126893,0.526724,9.895236,9.910057,3.133941,103.544975
1.2299805,-0.150835,0.550666,9.895236,9.911694,3.302212,105.318336
1.2349852,-0.184354,0.567426,9.890448,9.908426,3.452073,107.998695
1.2399901,-0.184354,0.574608,9.885659,9.904060,3.493175,107.787971
1.2449950,-0.167594,0.548272,9.835381,9.852076,3.336011,106.997177
1.2500000,-0.134075,0.536301,9.768343,9.783973,3.239001,104.036247
1.2549742,-0.062249,0.495600,9.665392,9.678290,2.958367,97.159081
1.2599792,-0.035913,0.495600,9.593566,9.606426,2.965043,94.144623
1.2649840,-0.023942,0.452504,9.564836,9.575563,2.712383,93.028702
1.2699888,-0.055067,0.459687,9.567230,9.578425,2.770433,96.831009
1.2749938,-0.102951,0.428562,9.598354,9.608469,2.629199,103.507835
1.2799987,-0.112527,0.430956,9.643845,9.654125,2.644417,104.633827
1.2849731,-0.150835,0.430956,9.691729,9.702477,2.697258,109.290047
1.2899780,-0.205901,0.428562,9.765948,9.777515,2.787269,115.661812
1.2949830,-0.215478,0.445322,9.821015,9.833467,2.883712,115.820992
1.2999877,-0.244209,0.462081,9.888053,9.901855,3.025563,117.856339
1.3049926,-0.258574,0.450110,9.969456,9.982961,2.980584,119.875992
1.3099976,-0.244209,0.435745,10.019734,10.032178,2.854031,119.267998
1.3149719,-0.246603,0.426168,10.067618,10.079652,2.799952,120.055893
1.3199768,-0.244209,0.402226,10.060435,10.071434,2.677957,121.263733
1.3249817,-0.225055,0.383072,10.058042,10.067849,2.529252,120.434235
1.3299865,-0.186748,0.354342,10.046070,10.054051,2.283105,117.790443
1.3349913,-0.205901,0.325611,9.991004,9.998428,2.208151,122.307335
1.3399962,-0.201113,0.318429,9.938332,9.945465,2.170244,122.275642
1.3450012,-0.217872,0.342371,9.837775,9.846142,2.362149,122.471191
1.3499756,-0.241814,0.359130,9.792285,9.801851,2.531573,123.953697
1.3549805,-0.232238,0.380678,9.722853,9.733073,2.625921,121.385818
1.3599854,-0.227449,0.387861,9.665392,9.675845,2.663519,120.388199
1.3649901,-0.191536,0.442927,9.581595,9.593740,2.883169,113.385223
1.3699951,-0.177171,0.445322,9.533711,9.545751,2.877936,111.695107
1.3750000,-0.172383,0.478840,9.519346,9.532941,3.060239,109.798874
1.3799744,-0.193930,0.488417,9.514558,9.529059,3.161369,111.655991
1.3849792,-0.208296,0.486023,9.543288,9.557926,3.171385,113.198593
1.3899843,-0.165200,0.462081,9.603143,9.615672,2.925229,109.672630
1.3949889,-0.174777,0.454898,9.648633,9.660932,2.891373,111.017303
1.3999938,-0.186748,0.459687,9.670180,9.682901,2.937250,112.109451
1.4049988,-0.186748,0.469264,9.725247,9.738353,2.972824,111.700539
1.4099730,-0.169988,0.430956,9.739613,9.750625,2.723330,111.526482
1.4149780,-0.143652,0.447716,9.746795,9.758129,2.761800,107.789131
1.4199829,-0.174777,0.474052,9.742006,9.755099,2.968870,110.238266
1.4249876,-0.220267,0.478840,9.758766,9.772990,3.091615,114.702431
1.4299928,-0.260968,0.502782,9.785102,9.801485,3.313221,117.431465
1.4349974,-0.258574,0.512359,9.816227,9.832990,3.346031,116.778839
1.4399719,-0.270545,0.512359,9.816227,9.833312,3.378002,117.835732
1.4449768,-0.246603,0.524330,9.773131,9.790293,3.392980,115.188522
1.4499816,-0.225055,0.502782,9.725247,9.740835,3.241840,114.114197
1.4549865,-0.189142,0.507571,9.701305,9.716415,3.195737,110.437485
1.4599913,-0.220267,0.509965,9.713276,9.729148,3.273212,113.360718
1.4649963,-0.239420,0.524330,9.703699,9.720803,3.399379,114.542435
1.4700011,-0.244209,0.517148,9.696517,9.713368,3.375451,115.277725
1.4749756,-0.208296,0.505177,9.698911,9.714292,3.224644,112.407448
1.4799805,-0.165200,0.517148,9.689334,9.704531,3.206867,107.715797
1.4849855,-0.169988,0.462081,9.686940,9.699445,2.909662,110.197342
1.4899901,-0.150835,0.459687,9.670180,9.682275,2.864095,108.165955
1.4949950,-0.119710,0.459687,9.660604,9.672275,2.814943,104.596573
1.5000000,-0.112527,0.497994,9.646238,9.659739,3.029636,102.732811
1.5049742,-0.090980,0.512359,9.665392,9.679390,3.081785,100.069061
1.5099792,-0.122104,0.519542,9.706094,9.720756,3.147280,103.225800
1.5149841,-0.165200,0.541090,9.761160,9.777541,3.317060,106.977943
1.5199888,-0.160412,0.521936,9.792285,9.807497,3.191630,107.084259
1.5249938,-0.169988,0.505177,9.821015,9.835468,3.106523,108.597725
1.5299987,-0.153229,0.509965,9.828198,9.842613,3.101288,106.723923
1.5349731,-0.158017,0.505177,9.864111,9.878303,3.071604,107.369484
1.5399780,-0.179565,0.488417,9.842564,9.856311,3.026468,110.185806
1.5449830,-0.189142,0.519542,9.854534,9.870032,3.211259,110.004303
1.5499879,-0.193930,0.493206,9.849746,9.863993,3.079815,111.464943
1.5549926,-0.210690,0.517148,9.842564,9.858392,3.247210,112.166344
1.5599976,-0.256180,0.493206,9.816227,9.831947,3.240451,117.448151
1.5649718,-0.251391,0.507571,9.787497,9.803872,3.312039,116.348434
1.5699768,-0.229843,0.495600,9.756371,9.771654,3.204852,114.880363
1.5749815,-0.208296,0.497994,9.720459,9.735435,3.178476,112.698059
1.5799863,-0.191536,0.526724,9.651027,9.667287,3.323605,109.983109
1.5849913,-0.160412,0.514753,9.622296,9.637390,3.207111,107.308495
1.5899962,-0.174777,0.533907,9.600749,9.617171,3.348839,108.126076
1.5950012,-0.162806,0.562637,9.567230,9.585142,3.503305,106.138420
1.5999756,-0.186748,0.545878,9.588778,9.606118,3.443214,108.886086
1.6049805,-0.155623,0.521936,9.617508,9.632917,3.241236,106.602745
1.6099852,-0.122104,0.507571,9.653421,9.667527,3.095475,103.526398
1.6149901,-0.119710,0.497994,9.677363,9.690907,3.029571,103.516571
1.6199951,-0.088585,0.488417,9.722853,9.735516,2.922618,100.280128
1.6250000,-0.102951,0.478840,9.739613,9.751920,2.878820,102.133881
1.6299744,-0.112527,0.464475,9.794679,9.806332,2.793512,103.618546
1.6349792,-0.112527,0.474052,9.806650,9.818747,2.844343,103.353371
1.6399840,-0.124498,0.490811,9.816227,9.829278,2.952870,104.233360
1.6449889,-0.148441,0.514753,9.832987,9.847569,3.118474,106.086082
1.6499938,-0.136469,0.519542,9.811439,9.826133,3.133816,104.717567
1.6549988,-0.112527,0.553061,9.782708,9.798975,3.301856,101.500603
1.6599730,-0.098162,0.545878,9.751583,9.767344,3.255279,100.194237
1.6649780,-0.083797,0.553061,9.744401,9.760443,3.285391,98.615646
1.6699829,-0.074220,0.536301,9.722853,9.737915,3.187210,97.879280
1.6749879,-0.126893,0.545878,9.715671,9.731821,3.301382,103.086349
1.6799926,-0.143652,0.514753,9.718064,9.732748,3.147716,105.592812
1.6849974,-0.172383,0.490811,9.708488,9.722415,3.067203,109.352272
1.6899719,-0.167594,0.471658,9.672575,9.685518,2.962401,109.561653
1.6949768,-0.165200,0.483629,9.660604,9.674112,3.028214,108.859352
1.6999818,-0.150835,0.483629,9.679757,9.693005,2.995913,107.321716
1.7049865,-0.136469,0.483629,9.670180,9.683228,2.974733,105.757912
1.7099913,-0.134075,0.493206,9.658210,9.671724,3.029248,105.208038
1.7149963,-0.134075,0.486023,9.667787,9.680924,2.985309,105.422165
1.7200012,-0.136469,0.538695,9.667787,9.683744,3.289738,104.215851
1.7249756,-0.138864,0.560243,9.643845,9.661102,3.425141,103.920959
1.7299805,-0.124498,0.555455,9.610326,9.627170,3.389805,102.633362
1.7349851,-0.122104,0.579397,9.567230,9.585536,3.541548,101.900589
1.7399901,-0.117316,0.624887,9.572019,9.593111,3.800142,100.632912
1.7449950,-0.165200,0.670376,9.543288,9.568231,4.137963,103.843491
1.7500000,-0.181959,0.701501,9.521740,9.549280,4.352532,104.541245
1.7549742,-0.165200,0.732626,9.481039,9.510737,4.529088,102.707115
1.7599792,-0.177171,0.746991,9.390059,9.421391,4.673992,103.342834
1.7649840,-0.141258,0.739808,9.363723,9.393965,4.598703,100.809860
1.7699888,-0.124498,0.732626,9.325416,9.354979,4.556211,99.644409
1.7749938,-0.105345,0.713472,9.308656,9.336553,4.430272,98.399094
1.7799987,-0.126893,0.694318,9.279925,9.306728,4.349471,100.356995
1.7849731,-0.112527,0.667982,9.296685,9.321331,4.167391,99.562202
1.7899780,-0.090980,0.656011,9.284714,9.308305,4.080056,97.895767
1.7949830,-0.076614,0.634463,9.308656,9.330567,3.927402,96.885399
1.7999877,-0.090980,0.605733,9.346964,9.367012,3.749305,98.541840
1.8049926,-0.081403,0.605733,9.430760,9.450543,3.707923,97.653969
1.8099976,-0.146046,0.562637,9.488221,9.506010,3.505763,104.551376
1.8149718,-0.167594,0.572214,9.528923,9.547560,3.580530,106.324623
1.8199768,-0.172383,0.608127,9.579201,9.600033,3.775276,105.826157
1.8249817,-0.184354,0.624887,9.564836,9.586999,3.896717,106.437073
1.8299863,-0.148441,0.653617,9.540894,9.564408,4.018538,102.795197
1.8349913,-0.158017,0.696713,9.504981,9.531791,4.298332,102.778732
1.8399962,-0.150835,0.687136,9.483433,9.509490,4.242517,102.380760
1.8450012,-0.158017,0.699107,9.473856,9.500930,4.326445,102.736397
1.8499756,-0.150835,0.675165,9.406818,9.432223,4.206170,102.593330
1.8549805,-0.179565,0.653617,9.351752,9.376286,4.145670,105.361618
1.8599854,-0.177171,0.656011,9.291897,9.316710,4.182637,105.113472
1.8649901,-0.193930,0.648829,9.200917,9.225804,4.209381,106.641037
1.8699951,-0.160412,0.615310,9.100361,9.122549,3.996941,104.611794
1.8750000,-0.114922,0.605733,9.026140,9.047173,3.907607,100.742668
1.8799744,-0.095768,0.644040,8.978256,9.001836,4.147985,98.457840
1.8849792,-0.067038,0.677559,8.923190,8.949128,4.363363,95.650452
1.8899843,-0.057461,0.730232,8.906430,8.936501,4.701571,94.499252
1.8949889,-0.045490,0.778116,8.841787,8.876077,5.037851,93.345795
1.8999938,-0.059855,0.802058,8.798691,8.835375,5.222922,94.267891
1.9049988,-0.081403,0.871489,8.743625,8.787326,5.716592,95.336319
1.9099730,-0.074220,0.936133,8.707711,8.758201,6.155172,94.533150
1.9149780,-0.076614,1.041478,8.635885,8.698796,6.894977,94.207283
1.9199829,-0.110133,1.130063,8.516175,8.591531,7.594116,95.566330
1.9249876,-0.105345,1.211466,8.391677,8.479327,8.245336,94.969742
1.9299926,-0.093374,1.326388,8.202535,8.309608,9.207801,94.026817
1.9349974,-0.062249,1.393425,8.025364,8.145672,9.859555,92.557907
1.9399719,-0.064643,1.489193,7.788338,7.929697,10.834707,92.485558
1.9449768,-0.076614,1.577779,7.584831,7.747575,11.764420,92.780006
1.9499816,-0.088585,1.618480,7.369353,7.545508,12.404799,93.132889
1.9549865,-0.093374,1.654393,7.129933,7.319951,13.083524,93.230347
1.9599913,-0.095768,1.675941,6.852205,7.054833,13.765390,93.270485
1.9649963,-0.055067,1.642422,6.617573,6.818567,13.946185,91.920273
1.9700011,-0.026336,1.587356,6.409278,6.602972,13.912108,90.950523
1.9749756,0.031125,1.544260,6.227319,6.416012,13.930065,88.845360
1.9799805,0.038307,1.458069,6.069301,6.242103,13.513031,88.495041
1.9849855,0.014365,1.326388,5.949591,6.095666,12.568593,89.379494
1.9899901,-0.031125,1.264138,5.856217,5.991185,12.184680,91.410408
1.9949950,-0.110133,1.130063,5.731719,5.843097,11.204896,95.566330
2.0000000,-0.215478,1.041478,5.643134,5.742479,10.673078,101.689369
2.0049744,-0.277727,0.914585,5.461174,5.544188,9.927452,106.891693
2.0099792,-0.280122,0.845153,5.295974,5.370297,9.543386,108.337509
2.0149841,-0.289698,0.737414,5.154716,5.215248,8.737971,111.447739
2.0199890,-0.251391,0.644040,4.989516,5.037188,7.888866,111.322418
2.0249937,-0.203507,0.512359,4.771644,4.803386,6.590499,111.662788
2.0299988,-0.196325,0.395043,4.517859,4.539344,5.576857,116.425987
2.0349731,-0.227449,0.308852,4.264073,4.281290,5.140108,126.369202
2.0399780,-0.205901,0.179565,4.036624,4.045858,3.871863,138.908539
2.0449829,-0.131681,0.064643,3.916914,3.919660,2.144754,153.853165
2.0499878,-0.071826,-0.098162,3.842694,3.844618,1.812941,233.806793
2.0549927,-0.177171,-0.165200,3.715801,3.723689,3.729984,222.997467
2.0599976,-0.371101,-0.172383,3.512294,3.536049,6.645053,204.915634
2.0649719,-0.452504,-0.090980,3.256114,3.288665,8.068035,191.368225
2.0699768,-0.268151,0.045490,2.971204,2.983627,5.230195,170.371841
2.0749815,0.330400,0.323217,2.643199,2.683306,9.918772,44.370403
2.0799863,0.581791,0.615310,2.166753,2.326350,21.346535,46.603867
2.0849912,0.478840,0.866701,1.795651,2.050566,28.873791,61.079956
2.0899963,0.426168,1.113304,1.347936,1.799443,41.488823,69.053368
2.0950012,0.248997,1.386243,0.928950,1.687192,56.592537,79.817116
2.0999756,0.033519,1.513135,0.488417,1.590363,72.114815,88.730995
2.1049805,-0.117316,1.611298,0.114922,1.619645,85.931168,94.164261
2.1099851,-0.332794,1.640028,-0.222661,1.688201,97.578957,101.470695
2.1149902,-0.636858,1.584962,-0.562637,1.798402,108.231308,111.890884
2.1199951,-0.581791,1.477222,-0.909797,1.829862,119.814529,111.496559
2.1250000,-0.193930,1.343147,-1.276109,1.862823,133.238815,98.215874
2.1299744,0.141258,1.213860,-1.611298,2.022299,142.822327,83.362297
2.1349792,0.268151,1.149217,-1.977611,2.302943,149.174484,76.865974
2.1399839,0.277727,1.077391,-1.982399,2.273282,150.696915,75.545113
2.1449888,0.258574,1.019930,-1.821988,2.103986,149.993591,75.774033
2.1499937,0.059855,0.969652,-1.663970,1.926812,149.721771,86.467705
2.1549988,-0.052672,0.957681,-1.357512,1.662157,144.757507,93.148094
2.1599731,-0.392649,0.921768,-1.034295,1.439998,135.911118,113.072746
2.1649780,-0.344765,0.986411,-0.653617,1.232512,122.026611,109.265266
2.1699829,-0.545878,0.909797,-0.373495,1.124816,109.393257,120.963760
2.1749880,-0.751779,0.766145,-0.383072,1.139690,109.640633,134.457779
2.1799924,-0.732626,0.569820,-0.543484,1.075551,120.351761,142.125015
2.1849976,-0.627281,0.438139,-0.684742,1.026800,131.825912,145.066727
2.1899719,-0.653617,0.407014,-0.950498,1.223243,140.989578,148.089035
2.1949768,-0.826000,0.447716,-1.225831,1.544470,142.531769,151.541016
2.1999817,-0.955287,0.459687,-1.510741,1.845596,144.941467,154.302994
2.2049863,-0.907402,0.462081,-1.920150,2.173447,152.062378,153.013214
2.2099915,-0.842759,0.402226,-2.233790,2.421125,157.312881,154.486130
2.2149961,-0.658405,0.351948,-2.375048,2.489622,162.550064,151.873474
2.2200012,-0.090980,0.407014,-2.348712,2.385453,169.930984,102.600159
2.2249756,0.519542,0.474052,-2.286463,2.392187,162.902161,42.378651
2.2299807,0.845153,0.493206,-2.238579,2.443107,156.388672,30.266527
2.2349851,0.866701,0.332794,-2.082955,2.280488,155.976898,21.005688
2.2399902,0.814029,0.071826,-1.716643,1.901227,154.543671,5.042451
2.2449951,0.612916,-0.179565,-1.209072,1.367393,152.155289,343.671051
2.2500000,0.368707,-0.263362,-0.986411,1.085500,155.328445,324.462311
2.2549744,0.174777,-0.296881,-1.089362,1.142539,162.450607,300.485718
2.2599792,0.067038,-0.263362,-1.448492,1.473765,169.373917,284.281097
2.2649839,-0.007183,-0.244209,-1.889025,1.904759,172.630661,268.315308
2.2699888,-0.019154,-0.153229,-2.384625,2.389620,176.294876,262.874969
2.2749939,-0.059855,-0.057461,-2.681506,2.682789,178.227676,223.830856
2.2799985,-0.237026,0.028730,-2.801216,2.811373,175.128220,173.088776
2.2849729,-0.524330,0.122104,-2.748544,2.800772,168.917725,166.890793
2.2899780,-1.063026,0.088585,-2.288857,2.525220,155.012360,175.236359
2.2949829,-1.508347,0.038307,-1.474828,2.109904,134.347031,178.545181
2.2999876,-1.865083,0.055067,-0.380678,1.904333,101.531174,178.308838
2.3049924,-2.003947,0.050278,0.763750,2.145144,69.142998,178.562775
2.3099976,-1.960851,-0.071826,1.848324,2.695626,46.711266,182.097809
2.3149719,-1.484405,-0.514753,3.248932,3.608876,25.807568,199.125229
2.3199768,-1.577779,-0.861913,4.259285,4.623179,22.884720,208.647003
2.3249817,-0.948104,-1.276109,5.358223,5.589089,16.525434,233.388962
2.3299866,-1.410185,-1.628057,6.205771,6.568925,19.140682,229.101654
2.3349912,-1.754950,-1.929727,7.084443,7.549372,20.212975,227.715698
2.3399963,-2.461239,-2.420538,7.788338,8.519091,23.904552,224.522308
2.3450012,-2.916138,-3.165135,8.695741,9.702466,26.331820,227.344666
2.3499756,-3.284845,-4.070143,9.871294,11.171334,27.916956,231.094437
2.3549805,-2.633622,-4.999093,10.836157,12.220850,27.539265,242.218842
2.3599854,-2.114080,-6.021417,11.178528,12.871919,29.721792,250.654160
2.3649902,-1.599327,-6.641516,11.250354,13.161992,31.266691,256.460541
2.3699949,-0.945710,-7.012617,11.683704,13.659433,31.200705,262.319519
2.3750000,-0.270545,-7.017405,12.909535,14.696029,28.545612,267.792145
2.3799744,0.517148,-6.366182,13.271060,14.728094,25.700779,274.644135
2.3849792,0.945710,-5.621585,13.668497,14.809605,22.639044,279.549347
2.3899841,1.036689,-4.812346,13.733141,14.588782,19.720583,282.157043
2.3949890,1.029507,-4.218584,13.682862,14.355384,17.607336,283.714447
2.3999939,0.940921,-3.629610,13.965379,14.459987,15.028992,284.533142
2.4049985,0.785298,-3.289633,14.197616,14.594886,13.398939,283.426331
2.4099731,0.723049,-3.191471,14.389153,14.756557,12.812178,282.765259
2.4149780,0.555455,-3.294421,14.614207,14.991224,12.876974,279.570313
2.4199831,0.435745,-3.509900,15.026010,15.436652,13.245262,277.076904
2.4249876,0.301669,-3.933673,16.153679,16.628473,13.724700,274.385376
2.4299927,0.490811,-4.311957,17.685968,18.210638,13.786888,276.493774
2.4349973,0.830788,-4.668694,19.438524,20.008577,13.709563,280.090088
2.4399717,1.453280,-4.527435,21.708227,22.222889,12.354924,287.796326
2.4449768,2.425326,-3.497929,24.847025,25.208975,9.720875,304.735931
2.4499815,3.100491,-2.138022,27.281929,27.540659,7.859850,325.410797
2.4549863,3.232172,-0.703895,29.352913,29.538719,6.429834,347.714081
2.4599912,2.765303,0.514753,30.581139,30.710224,5.255162,10.544759
2.4649963,2.106898,1.146823,30.921116,31.014023,4.436016,28.560255
2.4700010,1.386243,0.974440,30.475794,30.522863,3.182354,35.104767
2.4749756,0.428562,0.660800,30.214825,30.225088,1.493183,57.034546
2.4799805,-0.627281,0.387861,30.042442,30.051495,1.406391,148.270645
2.4849854,-1.290475,0.198719,29.951464,29.979910,2.496146,171.245850
2.4899900,-2.092532,0.021548,30.004135,30.077023,3.989634,179.410019
2.4949951,-2.557007,0.009577,30.147787,30.256031,4.847999,179.785416
2.5000000,-2.743755,-0.122104,30.133423,30.258326,5.207744,182.548126
2.5049744,-2.480393,-0.038307,30.286652,30.388075,4.682492,180.884811
2.5099792,-2.173935,0.313640,30.439880,30.519020,4.127064,171.790405
2.5149841,-1.795651,0.821211,30.430304,30.494297,3.712567,155.423798
2.5199890,-1.175553,1.462857,30.078356,30.136843,3.570180,128.785385
2.5249937,-0.260968,2.106898,29.283482,29.360338,4.146616,97.060898
2.5299988,0.699107,2.597709,28.186937,28.315018,5.451723,74.937195
2.5349731,1.735796,2.944868,26.400862,26.621246,7.377595,59.483589
2.5399780,2.422932,3.040636,24.729710,25.033470,8.934767,51.450394
2.5449829,2.918532,2.935291,22.993914,23.363516,10.204923,45.164036
2.5499878,3.224990,2.774880,21.301212,21.721928,11.294996,40.709709
2.5549927,3.335123,2.437297,19.438524,19.872587,11.997217,36.159214
2.5599973,3.272874,2.121263,18.306067,18.716930,12.027262,32.948669
2.5649719,3.078943,1.778892,17.492037,17.849810,11.490856,30.017626
2.5699768,2.794033,1.446098,16.898275,17.188644,10.546430,27.364567
2.5749815,2.360683,1.192312,16.402676,16.614517,9.159291,26.797016
2.5799863,1.999158,0.981623,15.969325,16.123882,7.939538,26.151867
2.5849915,1.604115,0.873884,15.662868,15.769029,6.652133,28.580494
2.5899961,1.230620,0.799663,15.358804,15.428763,5.458333,33.016029
2.5950012,0.950498,0.754174,15.097836,15.146514,4.594783,38.430271
2.5999756,0.823605,0.603339,14.731524,14.766859,3.964473,36.224945
2.6049805,0.713472,0.567426,14.458584,14.487293,3.607661,38.495300
2.6099851,0.921768,-0.016759,14.173674,14.203625,3.721523,358.958374
2.6149900,1.254562,-0.464475,14.121001,14.184229,5.411894,339.683990
2.6199951,0.936133,-0.368707,14.712370,14.746732,3.912114,338.502411
2.6249998,0.447716,-0.165200,15.126566,15.134092,1.807103,339.746735
2.6299741,-0.105345,0.215478,15.526398,15.528251,0.885144,116.053497
2.6349792,-0.588974,0.694318,15.820885,15.847062,3.293723,130.307144
2.6399841,-0.890643,1.115698,15.959748,16.023470,5.111478,128.599777
2.6449888,-1.017536,1.525106,15.880740,15.986220,6.585498,123.710823
2.6499937,-1.017536,1.740585,15.514427,15.644886,7.404408,120.310310
2.6549988,-0.995988,1.805228,15.045163,15.185776,7.803108,118.886581
2.6599731,-0.919373,1.762132,14.458584,14.594554,7.827118,117.552811
2.6649780,-0.869095,1.620875,13.663709,13.786932,7.666108,118.199722
2.6699829,-0.866701,1.491588,13.086706,13.199920,7.509507,120.159134
2.6749880,-0.926556,1.335965,12.643779,12.747880,7.327265,124.743179
2.6799924,-0.991199,1.108515,12.258312,12.348178,6.916677,131.802078
2.6849976,-0.981623,0.845153,11.937490,12.007562,6.192895,139.272354
2.6899719,-0.888249,0.490811,11.812991,11.856502,4.910075,151.076691
2.6949768,-0.689530,0.289698,11.918336,11.941780,3.590796,157.210831
2.6999817,-0.423774,0.169988,12.155362,12.163935,2.151223,158.142807
2.7049863,-0.189142,0.112527,12.409147,12.411098,1.016063,149.250031
2.7099915,-0.079009,0.129287,12.610260,12.611171,0.688702,121.429565
2.7149961,-0.158017,0.198719,12.617443,12.619997,1.152670,128.491043
2.7200012,-0.306458,0.275333,12.524069,12.530843,1.883983,138.062286
2.7249756,-0.387861,0.361524,12.334928,12.346318,2.461402,137.012756
2.7299807,-0.447716,0.474052,12.097901,12.115461,3.085213,133.363419
2.7349851,-0.462081,0.663194,11.760319,11.788064,3.931837,124.866890
2.7399902,-0.476446,0.770933,11.504139,11.539782,4.504370,121.716576
2.7449949,-0.538695,0.847547,11.295844,11.340398,5.080527,122.439766
2.7500000,-0.579397,0.909797,11.080365,11.132741,5.559963,122.490700
2.7549744,-0.629675,0.909797,10.857705,10.913936,5.818609,124.687309
2.7599792,-0.581791,0.881066,10.757148,10.808839,5.605704,123.437820
2.7649839,-0.524330,0.833182,10.690110,10.735342,5.261422,122.182632
2.7699888,-0.476446,0.766145,10.666168,10.704257,4.834888,121.876450
2.7749939,-0.380678,0.675165,10.649409,10.677578,4.162736,119.415596
2.7799985,-0.328006,0.562637,10.709264,10.729049,3.480091,120.241280
2.7849729,-0.280122,0.512359,10.836157,10.851879,3.084578,118.666702
2.7899780,-0.244209,0.462081,10.984597,10.997024,2.724049,117.856339
2.7949829,-0.203507,0.466869,11.142614,11.154247,2.616961,113.552261
2.7999876,-0.177171,0.495600,11.271901,11.284182,2.673275,109.671356
2.8049924,-0.213084,0.545878,11.358093,11.373199,2.953400,111.323227
2.8099976,-0.270545,0.586579,11.343728,11.362104,3.259066,114.760307
2.8149719,-0.383072,0.612916,11.288661,11.311776,3.663510,122.005386
2.8199768,-0.560243,0.667982,11.111490,11.145639,4.486288,129.986893
2.8249817,-0.620098,0.670376,10.893618,10.931827,4.791828,132.768829
2.8299866,-0.615310,0.627281,10.642226,10.678439,4.719952,134.448044
2.8349912,-0.629675,0.617704,10.414778,10.452065,4.841084,135.549850
2.8399963,-0.644040,0.567426,10.168175,10.204339,4.825194,138.618637
2.8450012,-0.691924,0.490811,9.861717,9.898137,4.916574,144.650299
2.8499756,-0.711078,0.416591,9.646238,9.681378,4.883149,149.635727
2.8549805,-0.718261,0.337582,9.495404,9.528513,4.777744,154.826477
2.8599854,-0.725443,0.251391,9.402030,9.433326,4.668415,160.887024
2.8649902,-0.711078,0.258574,9.358934,9.389470,4.622113,160.016891
2.8699949,-0.725443,0.313640,9.346964,9.380319,4.833227,156.619080
2.8750000,-0.758962,0.414197,9.370906,9.410709,5.271579,151.376877
2.8799744,-0.653617,0.488417,9.574412,9.609118,4.871058,143.230972
2.8849790,-0.550666,0.495600,9.828198,9.856081,4.310753,138.012787
2.8899841,-0.553061,0.481235,9.947908,9.974886,4.214868,138.972488
2.8949890,-0.577003,0.481235,10.055647,10.083677,4.273106,140.171051
2.8999937,-0.610521,0.459687,10.141838,10.170591,4.309344,143.022400
2.9049985,-0.660800,0.490811,10.129868,10.163256,4.645533,143.396744
2.9099731,-0.746991,0.577003,10.079589,10.123688,5.349838,142.316208
2.9149780,-0.873884,0.653617,9.974244,10.033765,6.243877,143.205521
2.9199829,-1.010353,0.720655,9.861717,9.939498,7.172581,144.500870
2.9249876,-1.122881,0.790087,9.753978,9.850136,8.012414,144.868835
2.9299927,-1.225831,0.811634,9.648633,9.759996,8.663585,146.491089
2.9349973,-1.278504,0.816423,9.636662,9.755324,8.945711,147.438644
2.9399717,-1.307234,0.773327,9.636662,9.755621,8.956773,149.392502
2.9449768,-1.338359,0.780510,9.684546,9.807692,9.089083,149.749939
2.9499815,-1.319205,0.806846,9.753978,9.875798,9.008633,148.549408
2.9549863,-1.256956,0.826000,9.823410,9.937887,8.704976,146.689362
2.9599912,-1.223437,0.842759,9.837775,9.949315,8.587416,145.439163
2.9649963,-1.170765,0.869095,9.859323,9.966557,8.412418,143.412354
2.9700010,-1.096544,0.869095,9.868899,9.967593,8.069494,141.600479
2.9749756,-1.065420,0.883460,9.852140,9.948884,7.996768,140.334015
2.9799805,-1.039083,0.859518,9.787497,9.879957,7.844727,140.402817
2.9849854,-1.000776,0.821211,9.715671,9.801540,7.589774,140.628586
2.9899900,-1.048660,0.792481,9.560047,9.649985,7.828597,142.921371
2.9949951,-1.043872,0.713472,9.406818,9.491414,7.655425,145.647934
3.0000000,-1.051055,0.617704,9.349358,9.428508,7.429276,149.557281
3.0049744,-1.086968,0.574608,9.334992,9.415612,7.503154,152.137527
3.0099792,-1.130063,0.545878,9.349358,9.433213,7.645318,154.217102
3.0149841,-1.106121,0.507571,9.346964,9.425861,7.418440,155.350815
3.0199890,-1.098939,0.526724,9.342175,9.421325,7.432076,154.391464
3.0249937,-1.060631,0.553061,9.334992,9.411318,7.301997,152.460449
3.0299988,-1.070208,0.600945,9.299079,9.379730,7.518987,150.684860
3.0349731,-1.039083,0.641646,9.272743,9.352816,7.502710,148.304199
3.0399778,-0.986411,0.689530,9.279925,9.357642,7.389473,145.045334
3.0449829,-0.912191,0.739808,9.311050,9.384832,7.189274,140.957138
3.0499878,-0.778116,0.737414,9.378088,9.439162,6.521313,136.538376
3.0549924,-0.660800,0.711078,9.402030,9.452008,5.894650,132.901093
3.0599973,-0.493206,0.675165,9.440337,9.477292,5.061441,126.147995
3.0649719,-0.371101,0.598550,9.478644,9.504771,4.249206,121.798912
3.0699768,-0.383072,0.521936,9.461885,9.484010,3.914366,126.276619
3.0749815,-0.390255,0.428562,9.449914,9.467673,3.509894,132.321457
3.0799863,-0.383072,0.311246,9.404425,9.417369,3.004395,140.906143
3.0849915,-0.296881,0.191536,9.354146,9.360816,2.163108,147.171463
3.0899961,-0.229843,0.090980,9.327810,9.331085,1.518009,158.404694
3.0950012,-0.179565,0.021548,9.308656,9.310412,1.112939,173.157227
3.0999756,-0.198719,-0.045490,9.320627,9.322856,1.252889,192.893738
3.1049805,-0.258574,-0.105345,9.344569,9.348740,1.711436,202.166351
3.1099851,-0.354342,-0.098162,9.423578,9.430749,2.234495,195.484161
3.1149900,-0.416591,-0.047884,9.457097,9.466390,2.538907,186.556946
3.1199951,-0.471658,0.038307,9.449914,9.461755,2.866760,175.356720
3.1249998,-0.524330,0.146046,9.428367,9.444064,3.303931,164.435410
3.1299741,-0.574608,0.253785,9.363723,9.384769,3.837931,156.170547
3.1349792,-0.627281,0.306458,9.404425,9.430303,4.245609,153.962189
3.1399841,-0.610521,0.349553,9.464279,9.490390,4.251141,150.206741
3.1449888,-0.512359,0.354342,9.521740,9.542096,3.743190,145.332703
3.1499937,-0.423774,0.323217,9.572019,9.586844,3.186903,142.666809
3.1549988,-0.363919,0.256180,9.591172,9.601492,2.656676,144.856476
3.1599731,-0.328006,0.165200,9.655815,9.662797,2.178166,153.267899
3.1649780,-0.296881,0.098162,9.742006,9.747023,1.838241,161.703781
3.1699829,-0.325611,0.009577,9.835381,9.840774,1.896923,178.315323
3.1749880,-0.385466,-0.059855,9.911995,9.919668,2.253770,188.826370
3.1799924,-0.450110,-0.086191,10.022128,10.032601,2.618232,190.840302
3.1849976,-0.497994,-0.067038,10.072407,10.084933,2.856019,187.666809
3.1899719,-0.517148,-0.038307,10.098742,10.112047,2.939448,184.236389
3.1949766,-0.526724,-0.026336,10.122684,10.136414,2.982422,182.862411
3.1999817,-0.531513,-0.004788,10.144233,10.158149,2.999439,180.516159
3.2049863,-0.483629,0.062249,10.134656,10.146379,2.754561,172.665619
3.2099912,-0.447716,0.102951,10.115502,10.125929,2.600303,167.050140
3.2149961,-0.404620,0.143652,10.012551,10.021753,2.455510,160.453629
3.2200012,-0.390255,0.160412,9.876082,9.885092,2.446406,157.655228
3.2249756,-0.380678,0.167594,9.799467,9.808290,2.430513,156.238434
3.2299805,-0.383072,0.169988,9.785102,9.794073,2.452559,156.070740
3.2349851,-0.328006,0.229843,9.773131,9.781335,2.346770,144.979919
3.2399902,-0.265756,0.253785,9.756371,9.763289,2.157038,136.319946
3.2449949,-0.244209,0.251391,9.749189,9.755486,2.058805,134.169678
3.2500000,-0.225055,0.270545,9.775525,9.781857,2.061750,129.755661
3.2549744,-0.258574,0.275333,9.785102,9.792390,2.210631,133.202072
3.2599792,-0.301669,0.289698,9.823410,9.832310,2.437991,136.159683
3.2649841,-0.292093,0.287304,9.854534,9.863048,2.380802,135.473511
3.2699888,-0.284910,0.301669,9.904813,9.913501,2.398901,133.363419
3.2749939,-0.306458,0.337582,10.007763,10.018144,2.608495,132.233215
3.2799985,-0.294487,0.380678,10.098742,10.110205,2.728572,127.724998
3.2849729,-0.258574,0.397437,10.113108,10.124217,2.684382,123.048126
3.2899780,-0.237026,0.418985,10.072407,10.083903,2.736237,119.497459
3.2949829,-0.213084,0.428562,10.000581,10.012028,2.740098,116.436874
3.2999876,-0.203507,0.421380,9.916783,9.927818,2.701681,115.778427
3.3049924,-0.191536,0.392649,9.787497,9.797242,2.555812,116.003342
3.3099976,-0.210690,0.378284,9.667787,9.677479,2.564528,119.116150
3.3149719,-0.186748,0.373495,9.574412,9.583514,2.497322,116.565048
3.3199768,-0.153229,0.337582,9.478644,9.485891,2.239745,114.413330
3.3249817,-0.105345,0.296881,9.423578,9.428842,1.914484,109.536652
3.3299866,-0.028730,0.280122,9.378088,9.382315,1.719877,95.856010
3.3349912,-0.009577,0.287304,9.315839,9.320272,1.767354,91.909149
3.3399963,0.016759,0.320823,9.277532,9.283092,1.983273,87.009651
3.3450012,-0.023942,0.308852,9.248801,9.253987,1.918263,94.432671
3.3499753,-0.093374,0.363919,9.203311,9.210977,2.337662,104.390465
3.3549805,-0.136469,0.397437,9.241618,9.251167,2.603538,108.951111
3.3599854,-0.191536,0.438139,9.318233,9.330495,2.937650,113.612953
3.3649900,-0.229843,0.445322,9.425972,9.439284,3.043304,117.299568
3.3699949,-0.292093,0.464475,9.586384,9.602074,3.275843,122.164391
3.3750000,-0.328006,0.483629,9.761160,9.778636,3.425998,124.145821
3.3799744,-0.361524,0.493206,9.830592,9.849594,3.559580,126.241776
3.3849790,-0.337582,0.495600,9.859323,9.877542,3.480484,124.261101
3.3899841,-0.292093,0.481235,9.938332,9.954262,3.241900,121.256294
3.3949890,-0.229843,0.478840,9.971850,9.985986,3.048895,115.641006
3.3999937,-0.227449,0.442927,9.962274,9.974709,2.861223,117.181114
3.4049985,-0.191536,0.392649,9.919178,9.928794,2.521812,116.003342
3.4099731,-0.189142,0.328006,9.847352,9.854629,2.201938,119.969566
3.4149780,-0.213084,0.260968,9.768343,9.774152,1.975461,129.232117
3.4199829,-0.248997,0.193930,9.698911,9.704044,1.863721,142.086899
3.4249876,-0.246603,0.155623,9.605537,9.609962,1.738776,147.745285
3.4299927,-0.256180,0.131681,9.509769,9.514131,1.734832,152.795990
3.4349973,-0.263362,0.136469,9.411607,9.416280,1.805152,152.607635
3.4399717,-0.282516,0.174777,9.354146,9.360043,2.033843,148.257233
3.4449768,-0.265756,0.177171,9.327810,9.333277,1.961044,146.309937
3.4499815,-0.253785,0.150835,9.301474,9.306157,1.817792,149.275299
3.4549863,-0.239420,0.119710,9.306262,9.310111,1.647583,153.434952
3.4599912,-0.263362,0.081403,9.346964,9.351027,1.689223,162.824097
3.4649963,-0.253785,0.047884,9.423578,9.427116,1.569850,169.315094
3.4700010,-0.258574,0.011971,9.507375,9.510898,1.559469,177.349304
3.4749756,-0.284910,-0.011971,9.564836,9.569085,1.707659,182.405975
3.4799805,-0.299275,0.009577,9.562442,9.567129,1.793624,178.167160
3.4849854,-0.284910,0.004788,9.564836,9.569079,1.706512,179.037140
3.4899900,-0.260968,0.019154,9.583989,9.587561,1.563980,175.802338
3.4949951,-0.265756,0.038307,9.627085,9.630828,1.597529,171.797653
3.5000000,-0.251391,0.067038,9.605537,9.609060,1.551543,165.068588
3.5049741,-0.263362,0.131681,9.593566,9.598083,1.758028,153.434952
3.5099792,-0.244209,0.134075,9.603143,9.607183,1.661775,151.232346
3.5149839,-0.227449,0.148441,9.610326,9.614163,1.618946,146.870270
3.5199888,-0.217872,0.160412,9.665392,9.669178,1.603399,143.637131
3.5249937,-0.220267,0.148441,9.749189,9.752807,1.560598,146.023453
3.5299988,-0.234632,0.203507,9.926360,9.931218,1.792205,139.063370
3.5349731,-0.308852,0.215478,10.012551,10.019631,2.154041,145.097504
3.5399778,-0.387861,0.210690,10.086772,10.096425,2.505694,151.488754
3.5449829,-0.471658,0.181959,10.122684,10.135301,2.859102,158.904037
3.5499878,-0.617704,0.124498,10.156203,10.175733,3.550327,168.604675
3.5549924,-0.651223,0.093374,10.129868,10.151208,3.715836,171.840408
3.5599973,-0.667982,0.095768,10.046070,10.068708,3.842877,171.841156
3.5649719,-0.691924,0.107739,9.945514,9.970136,4.027544,171.149582
3.5699768,-0.699107,0.148441,9.837775,9.863702,4.155155,168.012482
3.5749815,-0.708684,0.222661,9.763555,9.791773,4.350867,162.557846
3.5799863,-0.725443,0.272939,9.715671,9.746539,4.561281,159.381805
3.5849915,-0.744597,0.325611,9.713276,9.747214,4.782662,156.380295
3.5899961,-0.739808,0.392649,9.725247,9.761247,4.922269,152.043121
3.5950012,-0.735020,0.438139,9.753978,9.791441,5.013681,149.201202
3.5999756,-0.730232,0.452504,9.782708,9.820355,5.018563,148.214661
3.6049805,-0.730232,0.447716,9.818622,9.855913,4.985742,148.486923
3.6099851,-0.756568,0.495600,9.888053,9.929331,5.226223,146.772659
3.6149900,-0.754174,0.469264,9.926360,9.966022,5.113394,148.109207
3.6199951,-0.751779,0.454898,9.967062,10.005719,5.038123,148.822052
3.6249998,-0.742203,0.409408,10.022128,10.057909,4.834362,151.118301
3.6299741,-0.694318,0.387861,10.055647,10.087049,4.522163,150.811371
3.6349792,-0.684742,0.339977,10.072407,10.101377,4.340411,153.595444
3.6399841,-0.711078,0.366313,10.098742,10.130371,4.528743,152.744675
3.6449888,-0.720655,0.416591,10.101137,10.135377,4.710937,149.968948
3.6499937,-0.778116,0.428562,10.108319,10.147278,5.022310,151.155380
3.6549988,-0.830788,0.488417,10.086772,10.132706,5.457651,149.548889
3.6599729,-0.797269,0.538695,10.031705,10.077744,5.478831,145.954056
3.6649780,-0.814029,0.538695,9.969456,10.017129,5.592122,146.504807
3.6699829,-0.773327,0.548272,9.914390,9.959606,5.461707,144.664185
3.6749880,-0.761356,0.517148,9.842564,9.885503,5.342215,145.813873
3.6799924,-0.723049,0.548272,9.801862,9.843775,5.289132,142.827759
3.6849976,-0.639252,0.526724,9.782708,9.817712,4.839707,140.512497
3.6899719,-0.555455,0.517148,9.765948,9.795393,4.443648,137.045410
3.6949766,-0.555455,0.529119,9.682152,9.712495,4.530169,136.391006
3.6999817,-0.581791,0.495600,9.634268,9.664534,4.535614,139.573914
3.7049863,-0.656011,0.471658,9.586384,9.620373,4.817678,144.284698
3.7099912,-0.675165,0.426168,9.555259,9.588557,4.776391,147.739639
3.7149961,-0.687136,0.397437,9.548077,9.581017,4.752461,149.955032
3.7200012,-0.656011,0.366313,9.543288,9.572820,4.501673,150.821259
3.7249756,-0.627281,0.339977,9.615114,9.641550,4.243855,151.542984
3.7299805,-0.612916,0.351948,9.682152,9.707914,4.175091,150.134750
3.7349851,-0.620098,0.359130,9.744401,9.770714,4.205890,149.922699
3.7399902,-0.641646,0.383072,9.765948,9.794498,4.375780,149.162170
3.7449949,-0.627281,0.409408,9.801862,9.830441,4.370047,146.868652
3.7500000,-0.660800,0.416591,9.830592,9.861579,4.543252,147.771240
3.7549744,-0.624887,0.397437,9.866506,9.894259,4.292495,147.543015
3.7599792,-0.608127,0.402226,9.933543,9.960265,4.197920,146.518661
3.7649841,-0.591368,0.387861,9.926360,9.951521,4.075157,146.740311
3.7699888,-0.572214,0.380678,9.878476,9.902355,3.979805,146.365295
3.7749939,-0.555455,0.356736,9.849746,9.871843,3.834358,147.289749
3.7799985,-0.567426,0.378284,9.821015,9.844665,3.972220,146.309937
3.7849729,-0.569820,0.344765,9.828198,9.850739,3.876715,148.824295
3.7899780,-0.574608,0.347159,9.861717,9.884542,3.894405,148.861023
3.7949829,-0.596156,0.330400,9.900024,9.923460,3.938505,151.004044
3.7999876,-0.579397,0.344765,9.928755,9.951620,3.884738,149.245605
3.8049924,-0.577003,0.349553,9.923966,9.946870,3.888920,148.792130
3.8099976,-0.541090,0.351948,9.902418,9.923433,3.729511,146.958313
3.8149717,-0.567426,0.402226,9.890448,9.914873,4.022582,144.668671
3.8199768,-0.541090,0.426168,9.909601,9.933509,3.975965,141.775650
3.8249817,-0.555455,0.426168,9.892841,9.917583,4.048011,142.503082
3.8299863,-0.579397,0.416591,9.885659,9.911383,4.128866,144.283554
3.8349912,-0.596156,0.378284,9.821015,9.846362,4.111994,147.603317
3.8399963,-0.600945,0.366313,9.770737,9.796051,4.119940,148.635117
3.8450012,-0.584185,0.332794,9.715671,9.738906,3.958591,150.331039
3.8499753,-0.584185,0.332794,9.672575,9.695913,3.976162,150.331039
3.8549805,-0.586579,0.325611,9.651027,9.674317,3.976557,150.965256
3.8599854,-0.541090,0.335188,9.636662,9.657659,3.778853,148.223068
3.8649900,-0.517148,0.373495,9.624691,9.645808,3.791992,144.162338
3.8699949,-0.447716,0.387861,9.615114,9.633344,3.525367,139.097290
3.8750000,-0.380678,0.426168,9.629479,9.646420,3.396094,131.773087
3.8799744,-0.361524,0.409408,9.670180,9.685593,3.232708,131.445831
3.8849790,-0.339977,0.416591,9.706094,9.720977,3.170891,129.217606
3.8899841,-0.368707,0.418985,9.746795,9.762761,3.277277,131.347778
3.8949890,-0.380678,0.387861,9.765948,9.781058,3.185183,134.464539
3.8999937,-0.435745,0.375890,9.780313,9.797230,3.367437,139.217712
3.9049985,-0.433351,0.313640,9.773131,9.787761,3.133004,144.104599
3.9099731,-0.488417,0.337582,9.780313,9.798319,3.474009,145.348679
3.9149780,-0.512359,0.361524,9.770737,9.790838,3.672105,144.792923
3.9199829,-0.560243,0.351948,9.756371,9.778779,3.879493,147.862747
3.9249876,-0.565032,0.359130,9.742006,9.764984,3.931339,147.560242
3.9299927,-0.533907,0.371101,9.727641,9.749348,3.824079,145.198105
3.9349973,-0.474052,0.392649,9.691729,9.711256,3.634103,140.365631
3.9399717,-0.438139,0.371101,9.643845,9.660922,3.407260,139.735580
3.9449768,-0.378284,0.387861,9.624691,9.639928,3.221850,134.283844
3.9499812,-0.397437,0.378284,9.612720,9.628366,3.266806,136.414429
3.9549863,-0.433351,0.366313,9.586384,9.603163,3.387494,139.792038
3.9599912,-0.481235,0.366313,9.576807,9.595884,3.613463,142.721832
3.9649963,-0.536301,0.366313,9.581595,9.603581,3.877726,145.665527
3.9700010,-0.533907,0.397437,9.631873,9.654843,3.953046,143.336197
3.9749756,-0.567426,0.416591,9.636662,9.662337,4.177858,143.714737
3.9799805,-0.565032,0.428562,9.610326,9.636456,4.220393,142.820602
3.9849851,-0.584185,0.414197,9.588778,9.615481,4.271089,144.662735
3.9899902,-0.572214,0.440533,9.545682,9.572959,4.326309,142.408249
3.9949951,-0.548272,0.447716,9.495404,9.521751,4.263286,140.765137
4.0000000,-0.548272,0.454898,9.449914,9.476730,4.311344,140.317703
4.0049744,-0.502782,0.430956,9.406818,9.430099,4.026814,139.398712
4.0099792,-0.450110,0.414197,9.416395,9.436241,3.716626,137.379349
4.0149837,-0.471658,0.371101,9.406818,9.425943,3.650500,141.804260
4.0199890,-0.495600,0.332794,9.418790,9.437689,3.626553,146.118729
4.0249939,-0.536301,0.318429,9.406818,9.427473,3.793386,149.300278
4.0299988,-0.562637,0.328006,9.392453,9.415006,3.966547,149.758728
4.0349731,-0.581791,0.359130,9.390059,9.414917,4.164430,148.313629
4.0399780,-0.593762,0.373495,9.392453,9.418611,4.271134,147.828781
4.0449829,-0.572214,0.409408,9.394848,9.421158,4.282994,144.416992
4.0499878,-0.569820,0.433351,9.411607,9.438794,4.349786,142.746857
4.0549927,-0.567426,0.445322,9.461885,9.489340,4.359457,141.874817
4.0599976,-0.572214,0.430956,9.507375,9.534324,4.308890,143.015198
4.0649719,-0.584185,0.421380,9.562442,9.589532,4.307708,144.196655
4.0699768,-0.560243,0.409408,9.648633,9.673552,4.113375,143.841812
4.0749817,-0.572214,0.378284,9.751583,9.775680,4.023749,146.531799
4.0799861,-0.584185,0.387861,9.806650,9.831688,4.089931,146.418442
4.0849915,-0.577003,0.366313,9.794679,9.818495,3.991499,147.590378
4.0899963,-0.548272,0.366313,9.737218,9.759519,3.874038,146.252228
4.0950012,-0.536301,0.368707,9.686940,9.708777,3.843590,145.491470
4.0999756,-0.541090,0.395043,9.627085,9.650368,3.980839,143.867249
4.1049805,-0.538695,0.373495,9.603143,9.625489,3.904950,145.265137
4.1099854,-0.507571,0.349553,9.593566,9.613340,3.675570,145.445618
4.1149898,-0.507571,0.332794,9.581595,9.600800,3.624554,146.748734
4.1199951,-0.488417,0.296881,9.576807,9.593848,3.415524,148.706955
4.1250000,-0.433351,0.260968,9.598354,9.611675,3.016880,148.943222
4.1299744,-0.435745,0.258574,9.636662,9.649973,3.009799,149.314835
4.1349792,-0.387861,0.256180,9.706094,9.717217,2.741740,146.555481
4.1399841,-0.349553,0.246603,9.763555,9.772922,2.508739,144.797821
4.1449890,-0.335188,0.251391,9.792285,9.801245,2.450084,143.130096
4.1499939,-0.366313,0.248997,9.780313,9.790338,2.592991,145.794540
4.1549988,-0.373495,0.268151,9.789890,9.800681,2.688899,144.323593
4.1599731,-0.375890,0.282516,9.770737,9.782044,2.755201,143.071762
4.1649780,-0.354342,0.304064,9.768343,9.779495,2.736523,139.366837
4.1699829,-0.335188,0.325611,9.773131,9.784297,2.737525,135.830322
4.1749878,-0.332794,0.337582,9.770737,9.782229,2.777631,134.590759
4.1799927,-0.325611,0.347159,9.739613,9.751236,2.797784,133.165527
4.1849976,-0.330400,0.351948,9.710882,9.722874,2.845926,133.191254
4.1899719,-0.359130,0.320823,9.696517,9.708467,2.843173,138.224518
4.1949768,-0.380678,0.301669,9.713276,9.725413,2.862796,141.604828
4.1999817,-0.438139,0.287304,9.744401,9.758476,3.077716,146.745636
4.2049861,-0.466869,0.320823,9.753978,9.770413,3.323781,145.503952
4.2099915,-0.505177,0.313640,9.773131,9.791204,3.481778,148.165802
4.2149963,-0.509965,0.325611,9.782708,9.801401,3.539170,147.441864
4.2200012,-0.531513,0.325611,9.806650,9.826440,3.636904,148.507843
4.2249756,-0.533907,0.311246,9.799467,9.818935,3.608637,149.759537
4.2299805,-0.493206,0.301669,9.799467,9.816507,3.376436,148.547943
4.2349849,-0.442927,0.308852,9.794679,9.809551,3.155419,145.112045
4.2399902,-0.407014,0.304064,9.777920,9.791110,2.974404,143.238098
4.2449951,-0.409408,0.304064,9.751583,9.764909,2.993625,143.399094
4.2500000,-0.442927,0.316035,9.749189,9.764361,3.194450,144.491623
4.2549744,-0.497994,0.304064,9.744401,9.761855,3.426799,148.592728
4.2599792,-0.521936,0.325611,9.773131,9.792474,3.601794,148.041885
4.2649841,-0.562637,0.335188,9.794679,9.816549,3.825359,149.215851
4.2699885,-0.577003,0.339977,9.797073,9.819937,3.910562,149.492920
4.2749939,-0.565032,0.354342,9.775525,9.798250,3.902994,147.907410
4.2799988,-0.524330,0.354342,9.730036,9.750594,3.721260,145.949203
4.2849731,-0.509965,0.347159,9.746795,9.766299,3.621690,145.754883
4.2899780,-0.514753,0.361524,9.751583,9.771850,3.690721,144.918655
4.2949829,-0.531513,0.387861,9.765948,9.788090,3.854528,143.880661
4.2999873,-0.538695,0.402226,9.775525,9.798615,3.934177,143.252533
4.3049927,-0.569820,0.411803,9.775525,9.800774,4.113565,144.144775
4.3099976,-0.588974,0.430956,9.821015,9.848094,4.249851,143.806793
4.3149719,-0.603339,0.450110,9.835381,9.864143,4.376540,143.275894
4.3199768,-0.577003,0.476446,9.864111,9.892452,4.338109,140.452621
4.3249817,-0.550666,0.497994,9.909601,9.937375,4.284686,137.875458
4.3299866,-0.505177,0.500388,9.900024,9.925527,4.108134,135.272842
4.3349915,-0.545878,0.478840,9.902418,9.929006,4.193906,138.742981
4.3399959,-0.505177,0.457293,9.849746,9.873288,3.957502,137.848190
4.3450007,-0.502782,0.445322,9.823410,9.846344,3.911314,138.468231
4.3499756,-0.483629,0.442927,9.777920,9.799888,3.837114,137.515259
4.3549800,-0.462081,0.426168,9.761160,9.781380,3.684668,137.315277
4.3599854,-0.474052,0.416591,9.746795,9.767204,3.704648,138.691391
4.3649898,-0.481235,0.385466,9.708488,9.728047,3.633942,141.305450
4.3699951,-0.493206,0.378284,9.682152,9.702084,3.673278,142.512146
4.3750000,-0.497994,0.375890,9.660604,9.680731,3.695333,142.954208
4.3799739,-0.497994,0.361524,9.679757,9.699299,3.637658,144.021790
4.3849792,-0.478840,0.375890,9.682152,9.701270,3.597660,141.868088
4.3899841,-0.469264,0.407014,9.708488,9.728340,3.660997,139.063370
4.3949890,-0.423774,0.409408,9.753978,9.771759,3.457004,135.987762
4.3999939,-0.402226,0.435745,9.763555,9.781547,3.475700,132.709396
4.4049983,-0.399832,0.457293,9.780313,9.799159,3.554020,131.164673
4.4099731,-0.418985,0.474052,9.785102,9.805534,3.699464,131.471481
4.4149780,-0.459687,0.483629,9.818622,9.841268,3.887661,133.546097
4.4199829,-0.502782,0.509965,9.828198,9.854255,4.167532,134.593658
4.4249873,-0.505177,0.488417,9.821015,9.846121,4.092421,135.966339
4.4299922,-0.490811,0.497994,9.825804,9.850650,4.070300,134.583817
4.4349976,-0.452504,0.514753,9.801862,9.825794,3.999782,131.317734
4.4399719,-0.411803,0.505177,9.775525,9.797228,3.814389,129.185745
4.4449763,-0.368707,0.476446,9.777920,9.796461,3.525701,127.735191
4.4499812,-0.330400,0.430956,9.756371,9.771472,3.185736,127.476181
4.4549861,-0.318429,0.399832,9.737218,9.750625,3.004917,128.534073
4.4599915,-0.287304,0.368707,9.713276,9.724517,2.755130,127.926460
4.4649963,-0.287304,0.368707,9.696517,9.707777,2.759886,127.926460
4.4700012,-0.263362,0.344765,9.672575,9.682300,2.568188,127.375809
4.4749756,-0.263362,0.349553,9.646238,9.656161,2.597743,126.995270
4.4799805,-0.268151,0.356736,9.607931,9.618290,2.659400,126.931374
4.4849854,-0.289698,0.366313,9.624691,9.636015,2.777983,128.338699
4.4899902,-0.337582,0.380678,9.634268,9.647694,3.023038,131.566376
4.4949946,-0.373495,0.402226,9.694122,9.709649,3.240692,132.878906
4.5000000,-0.368707,0.447716,9.775525,9.792716,3.395460,129.472458
4.5049744,-0.344765,0.454898,9.832987,9.849540,3.322191,127.158295
4.5099788,-0.306458,0.462081,9.856929,9.872511,3.219540,123.552834
4.5149837,-0.313640,0.450110,9.840169,9.855451,3.191078,124.869110
4.5199885,-0.275333,0.421380,9.821015,9.833906,2.933982,123.160965
4.5249939,-0.287304,0.411803,9.809045,9.821888,2.930377,124.902496
4.5299988,-0.284910,0.428562,9.821015,9.834489,2.999505,123.616135
4.5349727,-0.320823,0.445322,9.856929,9.872197,3.187026,125.770111
4.5399780,-0.277727,0.438139,9.871294,9.884914,3.008107,122.369781
4.5449829,-0.256180,0.440533,9.859323,9.872483,2.958765,120.178932
4.5499878,-0.237026,0.442927,9.842564,9.855375,2.921814,118.152802
4.5549927,-0.196325,0.466869,9.821015,9.834065,2.952075,112.807381
4.5599971,-0.162806,0.454898,9.770737,9.782675,2.830891,109.692024
4.5649719,-0.179565,0.426168,9.763555,9.774500,2.711733,112.848045
4.5699768,-0.198719,0.404620,9.751583,9.761997,2.646784,116.156776
4.5749817,-0.222661,0.411803,9.746795,9.758031,2.749867,118.399986
4.5799861,-0.222661,0.418985,9.737218,9.748772,2.789796,117.987450
4.5849910,-0.275333,0.402226,9.739613,9.751802,2.865120,124.392570
4.5899963,-0.248997,0.404620,9.713276,9.724888,2.800231,121.607506
4.5950012,-0.246603,0.407014,9.698911,9.710579,2.809026,121.210930
4.5999751,-0.251391,0.421380,9.670180,9.682621,2.904747,120.819916
4.6049805,-0.253785,0.476446,9.674969,9.690017,3.193531,118.042587
4.6099849,-0.275333,0.521936,9.658210,9.676221,3.496424,117.812675
4.6149902,-0.270545,0.521936,9.641450,9.659356,3.489249,117.399902
4.6199951,-0.263362,0.526724,9.634268,9.652249,3.497880,116.565048
4.6250000,-0.248997,0.545878,9.622296,9.640984,3.567986,114.519646
4.6299744,-0.239420,0.505177,9.634268,9.650474,3.320953,115.357849
4.6349792,-0.268151,0.490811,9.636662,9.652877,3.321484,118.649612
4.6399841,-0.277727,0.471658,9.634268,9.649803,3.251609,120.490959
4.6449890,-0.289698,0.474052,9.660604,9.676565,3.291345,121.429565
4.6499934,-0.275333,0.476446,9.674969,9.690605,3.255279,120.023163
4.6549983,-0.258574,0.462081,9.651027,9.665542,3.140431,119.230743
4.6599731,-0.229843,0.464475,9.603143,9.617116,3.089018,116.328293
4.6649776,-0.213084,0.478840,9.586384,9.600700,3.129378,113.989067
4.6699829,-0.203507,0.469264,9.586384,9.600020,3.054284,113.445099
4.6749878,-0.186748,0.457293,9.605537,9.618230,2.943841,112.213974
4.6799927,-0.179565,0.430956,9.605537,9.616877,2.782630,112.619865
4.6849976,-0.205901,0.404620,9.619903,9.630610,2.701971,116.970436
4.6899714,-0.169988,0.378284,9.651027,9.659933,2.460527,114.197586
4.6949768,-0.165200,0.371101,9.682152,9.690669,2.402407,113.996780
4.6999817,-0.153229,0.363919,9.703699,9.711729,2.330114,112.833656
4.7049866,-0.141258,0.373495,9.761160,9.769324,2.342596,110.716873
4.7099915,-0.124498,0.383072,9.801862,9.810135,2.353266,108.004166
4.7149959,-0.129287,0.387861,9.825804,9.834306,2.382610,108.434944
4.7200007,-0.146046,0.426168,9.821015,9.831342,2.626294,108.916412
4.7249756,-0.138864,0.407014,9.830592,9.839994,2.504913,108.838432
4.7299805,-0.141258,0.423774,9.832987,9.843128,2.601131,108.434952
4.7349849,-0.129287,0.426168,9.816227,9.826324,2.597667,106.876266
4.7399898,-0.126893,0.430956,9.768343,9.778668,2.633216,106.406769
4.7449951,-0.100556,0.442927,9.732430,9.743022,2.671957,102.790878
4.7500000,-0.079009,0.407014,9.698911,9.707768,2.447766,100.985497
4.7549739,-0.086191,0.397437,9.689334,9.697865,2.403385,102.236115
4.7599792,-0.100556,0.409408,9.708488,9.717636,2.486403,103.799484
4.7649841,-0.131681,0.416591,9.737218,9.747015,2.569103,107.541328
4.7699890,-0.174777,0.423774,9.706094,9.716912,2.703926,112.412689
4.7749939,-0.189142,0.462081,9.696517,9.709363,2.947628,112.260582
4.7799988,-0.220267,0.457293,9.684546,9.697838,3.000222,115.718971
4.7849731,-0.234632,0.450110,9.679757,9.693057,3.001788,117.531975
4.7899780,-0.234632,0.399832,9.737218,9.748248,2.725916,120.405533
4.7949829,-0.244209,0.387861,9.753978,9.764741,2.690427,122.195732
4.7999878,-0.234632,0.380678,9.756371,9.766614,2.624281,121.647697
4.8049922,-0.251391,0.359130,9.742006,9.751864,2.576483,124.992020
4.8099971,-0.277727,0.344765,9.744401,9.754453,2.601357,128.853378
4.8149719,-0.234632,0.356736,9.749189,9.758535,2.507802,123.333641
4.8199763,-0.225055,0.366313,9.753978,9.763448,2.523751,121.565697
4.8249817,-0.160412,0.361524,9.751583,9.759601,2.322626,113.927269
4.8299861,-0.126893,0.351948,9.742006,9.749187,2.199270,109.826477
4.8349915,-0.110133,0.339977,9.720459,9.727026,2.105521,107.949402
4.8399963,-0.124498,0.330400,9.701305,9.707728,2.084314,110.646988
4.8450012,-0.129287,0.337582,9.672575,9.679328,2.140369,110.955780
4.8499756,-0.158017,0.316035,9.631873,9.638351,2.100868,116.565048
4.8549805,-0.165200,0.301669,9.583989,9.590158,2.055285,118.705956
4.8599854,-0.172383,0.275333,9.540894,9.546422,1.950035,122.050148
4.8649902,-0.184354,0.280122,9.564836,9.570712,2.007889,123.349701
4.8699946,-0.184354,0.294487,9.564836,9.571143,2.080272,122.047234
4.8749995,-0.189142,0.301669,9.622296,9.628881,2.119141,122.087059
4.8799744,-0.184354,0.296881,9.684546,9.690848,2.066586,121.838943
4.8849792,-0.160412,0.294487,9.739613,9.745384,1.971991,118.577812
4.8899837,-0.148441,0.265756,9.785102,9.789836,1.781911,119.185913
4.8949885,-0.167594,0.246603,9.799467,9.804002,1.742711,124.200485
4.8999939,-0.191536,0.251391,9.792285,9.797384,1.848644,127.303947
4.9049988,-0.186748,0.277727,9.782708,9.788431,1.959346,123.917427
4.9099727,-0.213084,0.289698,9.773131,9.779746,2.107472,126.335869
4.9149780,-0.201113,0.289698,9.753978,9.760351,2.070654,124.768959
4.9199829,-0.169988,0.311246,9.749189,9.755637,2.083281,118.641327
4.9249878,-0.131681,0.347159,9.765948,9.773005,2.177357,110.772255
4.9299927,-0.081403,0.337582,9.749189,9.755372,2.039992,103.557198
4.9349976,-0.086191,0.342371,9.710882,9.717298,2.082059,104.130478
4.9399719,-0.098162,0.361524,9.672575,9.679827,2.217968,105.190887
4.9449768,-0.141258,0.351948,9.627085,9.634552,2.255940,111.868576
4.9499817,-0.162806,0.375890,9.631873,9.640580,2.435340,113.418449
4.9549866,-0.184354,0.373495,9.631873,9.640875,2.476148,116.270477
4.9599910,-0.201113,0.368707,9.634268,9.643417,2.496067,118.610458
4.9649959,-0.217872,0.375890,9.624691,9.634492,2.584599,120.097343
4.9700012,-0.225055,0.354342,9.634268,9.643408,2.494734,122.421066
4.9749751,-0.251391,0.351948,9.624691,9.634404,2.572985,125.537682
4.9799805,-0.244209,0.371101,9.624691,9.634938,2.642714,123.347496
4.9849854,-0.234632,0.392649,9.639056,9.649903,2.716925,120.860893
4.9899902,-0.225055,0.392649,9.691729,9.702290,2.673568,119.820068
4.9949951,-0.256180,0.418985,9.742006,9.754376,2.885816,121.442802
5.0000000,-0.248997,0.397437,9.775525,9.786769,2.746733,122.067390
5.0049744,-0.251391,0.411803,9.789890,9.801772,2.821472,121.402611
5.0099792,-0.246603,0.402226,9.818622,9.829950,2.751006,121.512260
5.0149841,-0.203507,0.407014,9.849746,9.860252,2.645231,116.565048
5.0199890,-0.198719,0.418985,9.880871,9.891747,2.687006,115.374321
5.0249934,-0.251391,0.383072,9.871294,9.881923,2.657633,123.274887
5.0299983,-0.289698,0.402226,9.859323,9.871776,2.878208,125.762871
5.0349731,-0.299275,0.368707,9.837775,9.849230,2.763571,129.065842
5.0399780,-0.306458,0.368707,9.856929,9.868582,2.784669,129.732300
5.0449824,-0.256180,0.378284,9.892841,9.903385,2.644121,124.106453
5.0499878,-0.237026,0.351948,9.883265,9.892369,2.458378,123.959061
5.0549922,-0.205901,0.351948,9.885659,9.894065,2.361900,120.329086
5.0599976,-0.241814,0.339977,9.888053,9.896851,2.416056,125.423012
5.0649714,-0.253785,0.356736,9.849746,9.859470,2.544990,125.428398
5.0699768,-0.304064,0.351948,9.799467,9.810498,2.717358,130.825226
5.0749812,-0.287304,0.363919,9.732430,9.743468,2.727639,128.290161
5.0799866,-0.299275,0.380678,9.696517,9.708600,2.858828,128.173141
5.0849915,-0.272939,0.375890,9.689334,9.700463,2.744880,125.983948
5.0899963,-0.289698,0.380678,9.713276,9.725049,2.819528,127.271362
5.0950007,-0.294487,0.347159,9.701305,9.711981,2.686714,130.307144
5.0999756,-0.308852,0.306458,9.672575,9.682356,2.575571,135.222946
5.1049805,-0.318429,0.313640,9.677363,9.687679,2.644343,135.434052
5.1099854,-0.292093,0.289698,9.660604,9.669359,2.438473,135.235794
5.1149898,-0.323217,0.287304,9.698911,9.708547,2.552976,138.366455
5.1199946,-0.318429,0.292093,9.718064,9.727666,2.545913,137.470047
5.1250000,-0.294487,0.306458,9.727641,9.736921,2.501707,133.858795
5.1299744,-0.311246,0.311246,9.727641,9.737595,2.590801,135.000000
5.1349788,-0.287304,0.311246,9.761160,9.770346,2.484671,132.709396
5.1399837,-0.289698,0.289698,9.763555,9.772146,2.402733,135.000000
5.1449890,-0.284910,0.306458,9.785102,9.794044,2.448646,132.913223
5.1499939,-0.299275,0.349553,9.797073,9.807875,2.689263,130.568954
5.1549988,-0.328006,0.351948,9.785102,9.796922,2.814734,132.983383
5.1599731,-0.371101,0.368707,9.730036,9.744088,3.077462,135.185425
5.1649780,-0.375890,0.366313,9.706094,9.720274,3.095222,135.739258
5.1699829,-0.344765,0.347159,9.660604,9.672985,2.899283,134.801743
5.1749878,-0.313640,0.323217,9.631873,9.642397,2.677153,134.138474
5.1799922,-0.275333,0.311246,9.643845,9.652794,2.467359,131.496475
5.1849971,-0.246603,0.284910,9.670180,9.677519,2.231428,130.877701
5.1899719,-0.246603,0.284910,9.684546,9.691873,2.228092,130.877701
5.1949768,-0.275333,0.258574,9.706094,9.713441,2.228619,136.797928
5.1999812,-0.272939,0.253785,9.722853,9.729993,2.195172,137.082565
5.2049861,-0.275333,0.282516,9.746795,9.754775,2.317733,134.262329
5.2099910,-0.251391,0.292093,9.794679,9.802258,2.253249,130.717117
5.2149963,-0.256180,0.332794,9.816227,9.825207,2.449844,127.588509
5.2200012,-0.239420,0.339977,9.821015,9.829814,2.424386,125.154175
5.2249756,-0.239420,0.371101,9.813833,9.823765,2.576559,122.828545
5.2299805,-0.253785,0.371101,9.801862,9.812167,2.626219,124.367088
5.2349854,-0.263362,0.368707,9.782708,9.793196,2.651882,125.537682
5.2399902,-0.318429,0.397437,9.761160,9.774436,2.986620,128.701874
5.2449951,-0.316035,0.423774,9.742006,9.756339,3.106082,126.714203
5.2498260,-0.325611,0.433351,9.722853,9.737950,3.190894,126.920509
5.2548003,-0.294487,0.428562,9.708488,9.722403,3.065799,124.494934
5.2598057,-0.260968,0.435745,9.718064,9.731328,2.991794,120.917442
5.2648106,-0.217872,0.430956,9.758766,9.770707,2.832965,116.819130
5.2698150,-0.203507,0.402226,9.794679,9.805046,2.635000,116.837234
5.2748199,-0.201113,0.383072,9.794679,9.804230,2.529252,117.699471
5.2798247,-0.167594,0.330400,9.804255,9.811253,2.164013,116.896233
5.2847996,-0.193930,0.320823,9.782708,9.789888,2.194548,121.152023
5.2898040,-0.237026,0.265756,9.753978,9.760476,2.090876,131.729507
5.2948089,-0.210690,0.253785,9.730036,9.735625,1.941586,129.699081
5.2998137,-0.205901,0.270545,9.732430,9.738366,2.000761,127.273384
5.3048186,-0.179565,0.280122,9.753978,9.759651,1.953745,122.660912
5.3098235,-0.158017,0.292093,9.773131,9.778772,1.946218,118.412659
5.3147979,-0.131681,0.311246,9.758766,9.764616,1.983371,112.932098
5.3198028,-0.117316,0.320823,9.761160,9.767136,2.004376,110.086037
5.3248076,-0.158017,0.328006,9.749189,9.755985,2.138722,115.722527
5.3298125,-0.167594,0.325611,9.763555,9.770420,2.148036,117.235146
5.3348169,-0.155623,0.339977,9.806650,9.813775,2.183371,114.595772
5.3398223,-0.165200,0.320823,9.813833,9.820465,2.105800,117.245087
5.3448272,-0.167594,0.325611,9.844957,9.851767,2.130379,117.235146
5.3498020,-0.208296,0.339977,9.878476,9.886519,2.311306,121.494804
5.3548064,-0.213084,0.318429,9.864111,9.871550,2.224400,123.789368
5.3598113,-0.222661,0.289698,9.852140,9.858913,2.123938,127.545700
5.3648162,-0.256180,0.289698,9.828198,9.835804,2.253336,131.486252
5.3698211,-0.289698,0.265756,9.782708,9.790604,2.301208,137.468109
5.3748260,-0.294487,0.241814,9.710882,9.718355,2.247073,140.609268
5.3798003,-0.275333,0.232238,9.658210,9.664925,2.135884,139.853104
5.3848052,-0.232238,0.239420,9.624691,9.630469,1.984851,134.127548
5.3898101,-0.210690,0.244209,9.610326,9.615736,1.922136,130.785828
5.3948150,-0.169988,0.237026,9.622296,9.626716,1.736185,125.647018
5.3998199,-0.141258,0.244209,9.622296,9.626431,1.679463,120.046432
5.4048247,-0.138864,0.270545,9.619903,9.624708,1.810673,117.170265
5.4097991,-0.141258,0.289698,9.629479,9.634871,1.916936,115.994019
5.4148040,-0.184354,0.296881,9.636662,9.642996,2.076883,121.838943
5.4198093,-0.220267,0.316035,9.641450,9.649142,2.287986,124.875328
5.4248137,-0.210690,0.344765,9.662998,9.671442,2.394410,121.429565
5.4298186,-0.201113,0.351948,9.667787,9.676281,2.400940,119.744881
5.4348235,-0.198719,0.395043,9.674969,9.685069,2.616961,116.703781
5.4397984,-0.181959,0.385466,9.694122,9.703489,2.517695,115.269638
5.4448028,-0.162806,0.378284,9.727641,9.736355,2.424224,113.286064
5.4498076,-0.107739,0.361524,9.775525,9.782802,2.210011,106.594757
5.4548125,-0.069432,0.363919,9.830592,9.837571,2.158308,100.801620
5.4598174,-0.043096,0.335188,9.837775,9.843578,1.967520,97.326408
5.4648223,-0.055067,0.363919,9.861717,9.868583,2.137349,98.604485
5.4698267,-0.021548,0.351948,9.890448,9.896730,2.041718,93.503532
5.4748015,-0.045490,0.344765,9.873688,9.879809,2.017030,97.516441
5.4798064,-0.071826,0.320823,9.873688,9.879160,1.907110,102.619324
5.4848118,-0.105345,0.311246,9.873688,9.879154,1.906083,108.698982
5.4898162,-0.131681,0.323217,9.921572,9.927709,2.014700,112.166344
5.4948211,-0.150835,0.328006,9.959879,9.966420,2.075940,114.695526
5.4998260,-0.119710,0.359130,9.955091,9.962285,2.177627,108.434952
5.5048008,-0.081403,0.342371,9.950302,9.956524,2.025647,103.374443
5.5098052,-0.100556,0.347159,9.904813,9.911405,2.089753,106.153931
5.5148101,-0.095768,0.318429,9.873688,9.879285,1.928743,106.738762
5.5198150,-0.102951,0.289698,9.864111,9.868901,1.785312,109.563782
5.5248199,-0.067038,0.306458,9.859323,9.864312,1.822416,102.339088
5.5298247,-0.064643,0.292093,9.832987,9.837537,1.742711,102.479073
5.5347991,-0.079009,0.299275,9.763555,9.768459,1.815746,104.788673
5.5398040,-0.071826,0.318429,9.684546,9.690045,1.930467,102.711136
5.5448089,-0.114922,0.342371,9.612720,9.619501,2.151587,108.555069
5.5498142,-0.122104,0.335188,9.569624,9.576271,2.134876,110.015961
5.5548191,-0.169988,0.351948,9.512163,9.520189,2.352850,115.780228
5.5598235,-0.172383,0.311246,9.509769,9.516422,2.142562,118.979706
5.5647979,-0.184354,0.320823,9.502586,9.509788,2.229848,119.882835
5.5698028,-0.196325,0.270545,9.562442,9.568283,2.002130,125.967033
5.5748072,-0.162806,0.263362,9.603143,9.608132,1.846632,121.723602
5.5798120,-0.117316,0.299275,9.672575,9.677915,1.903412,111.405174
5.5848174,-0.122104,0.320823,9.720459,9.726519,2.022553,110.836678
5.5898223,-0.141258,0.335188,9.777920,9.784682,2.130287,112.851944
5.5948272,-0.167594,0.344765,9.804255,9.811747,2.239046,115.924904
5.5998015,-0.201113,0.332794,9.854534,9.862203,2.259581,121.145264
5.6048064,-0.208296,0.323217,9.883265,9.890742,2.228092,122.799530
5.6098113,-0.203507,0.306458,9.892841,9.899679,2.129644,123.586647
5.6148162,-0.244209,0.313640,9.878476,9.886470,2.304182,127.905251
5.6198211,-0.227449,0.304064,9.859323,9.866632,2.205490,126.797646
5.6248264,-0.208296,0.296881,9.811439,9.818139,2.116923,125.053993
5.6298003,-0.189142,0.313640,9.787497,9.794347,2.143019,121.092224
5.6348052,-0.174777,0.344765,9.727641,9.735317,2.275463,116.882477
5.6398101,-0.177171,0.335188,9.706094,9.713495,2.236859,117.859650
5.6448145,-0.177171,0.380678,9.713276,9.722347,2.475279,114.957687
5.6498199,-0.129287,0.411803,9.730036,9.739604,2.539909,107.429863
5.6548247,-0.110133,0.399832,9.710882,9.719734,2.445446,105.400169
5.6597991,-0.134075,0.409408,9.734824,9.744351,2.533814,108.132866
5.6648040,-0.153229,0.409408,9.780313,9.790078,2.559256,110.519318
5.6698089,-0.158017,0.430956,9.794679,9.805429,2.683142,110.136307
5.6748137,-0.138864,0.426168,9.804255,9.814496,2.617634,108.047821
5.6798186,-0.119710,0.407014,9.811439,9.820607,2.475990,106.389542
5.6848235,-0.083797,0.383072,9.809045,9.816879,2.289184,102.339088
5.6897979,-0.062249,0.390255,9.828198,9.836141,2.302653,99.062859
5.6948028,-0.057461,0.371101,9.840169,9.847332,2.185522,98.801704
5.6998076,-0.026336,0.375890,9.873688,9.880875,2.185432,94.007805
5.7048125,-0.033519,0.375890,9.883265,9.890467,2.186686,95.095703
5.7098174,-0.074220,0.383072,9.864111,9.871825,2.265204,100.965195
5.7148223,-0.105345,0.380678,9.830592,9.838524,2.300867,105.468338
5.7198272,-0.126893,0.395043,9.813833,9.822600,2.420912,107.807648
5.7248015,-0.088585,0.395043,9.809045,9.817396,2.363474,102.639061
5.7298069,-0.052672,0.383072,9.770737,9.778385,2.266327,97.829079
5.7348108,-0.023942,0.409408,9.713276,9.721930,2.417675,93.346817
5.7398162,0.002394,0.395043,9.689334,9.697384,2.334729,89.652756
5.7448211,-0.004788,0.404620,9.631873,9.640369,2.405664,90.678024
5.7498260,-0.052672,0.375890,9.615114,9.622603,2.260706,97.976768
5.7548003,-0.079009,0.373495,9.574412,9.582021,2.283448,101.944176
5.7598052,-0.098162,0.363919,9.574412,9.581829,2.254464,105.095520
5.7648101,-0.148441,0.361524,9.581595,9.589562,2.335651,112.322861
5.7698150,-0.153229,0.378284,9.595961,9.604636,2.435421,112.051064
5.7748199,-0.174777,0.373495,9.631873,9.640697,2.451522,115.077187
5.7798252,-0.150835,0.361524,9.679757,9.687680,2.317395,112.646805
5.7847991,-0.131681,0.363919,9.677363,9.685099,2.290124,109.892258
5.7898040,-0.088585,0.368707,9.677363,9.684790,2.243935,103.509804
5.7948093,-0.088585,0.351948,9.686940,9.693736,2.145575,104.127914
5.7998133,-0.076614,0.342371,9.694122,9.700469,2.072732,102.613625
5.8048186,-0.090980,0.332794,9.701305,9.707438,2.036632,105.289993
5.8098235,-0.114922,0.328006,9.677363,9.683602,2.056808,109.308670
5.8147979,-0.136469,0.308852,9.694122,9.700001,1.994785,113.838737
5.8198028,-0.122104,0.311246,9.739613,9.745350,1.966127,111.420456
5.8248076,-0.083797,0.323217,9.799467,9.805154,1.951439,104.534454
5.8298125,-0.064643,0.344765,9.821015,9.827277,2.045454,100.619652
5.8348174,-0.064643,0.380678,9.849746,9.857311,2.244982,99.637535
5.8398223,-0.090980,0.402226,9.868899,9.877511,2.392692,102.745293
5.8448272,-0.158017,0.447716,9.854534,9.865965,2.758325,109.440033
5.8498015,-0.198719,0.442927,9.832987,9.844963,2.826393,114.163322
5.8548064,-0.270545,0.440533,9.787497,9.801141,3.023621,121.555351
5.8598118,-0.284910,0.445322,9.751583,9.765903,3.103244,122.610497
5.8648162,-0.280122,0.430956,9.739613,9.753166,3.020965,123.023865
5.8698211,-0.244209,0.411803,9.744401,9.756156,2.812925,120.668930
5.8748260,-0.239420,0.387861,9.758766,9.769405,2.674227,121.686371
5.8798003,-0.222661,0.339977,9.744401,9.752872,2.388271,123.221977
5.8848057,-0.220267,0.344765,9.744401,9.752986,2.404199,122.574059
5.8898101,-0.256180,0.349553,9.720459,9.730115,2.552747,126.236824
5.8948150,-0.213084,0.347159,9.703699,9.712245,2.403710,121.541313
5.8998199,-0.196325,0.368707,9.710882,9.719862,2.463071,118.033852
5.9048247,-0.172383,0.375890,9.698911,9.707723,2.441441,114.636131
5.9097991,-0.148441,0.395043,9.686940,9.696128,2.494420,110.594093
5.9148040,-0.143652,0.387861,9.679757,9.688590,2.446806,110.323135
5.9198089,-0.119710,0.349553,9.682152,9.689199,2.185432,108.904579
5.9248137,-0.122104,0.325611,9.665392,9.671646,2.060611,110.556046
5.9298186,-0.107739,0.328006,9.643845,9.650023,2.050327,108.183655
5.9348230,-0.081403,0.332794,9.665392,9.671462,2.030087,103.744911
5.9397979,-0.079009,0.356736,9.689334,9.696221,2.159667,102.488083
5.9448028,-0.079009,0.359130,9.756371,9.763299,2.158489,102.407417
5.9498076,-0.105345,0.366313,9.799467,9.806877,2.227477,106.044266
5.9548120,-0.136469,0.404620,9.852140,9.861390,2.481833,108.638123
5.9598174,-0.179565,0.392649,9.871294,9.880732,2.504444,114.575424
5.9648223,-0.196325,0.418985,9.835381,9.846258,2.693481,115.106445
5.9698272,-0.196325,0.447716,9.809045,9.821219,2.853139,113.677582
5.9748015,-0.220267,0.447716,9.789890,9.802598,2.917724,116.196198
5.9798064,-0.213084,0.452504,9.756371,9.769184,2.934783,115.215721
5.9848113,-0.220267,0.452504,9.749189,9.762171,2.955123,115.955544
5.9898162,-0.227449,0.462081,9.758766,9.772347,3.021030,116.207703
5.9948211,-0.229843,0.452504,9.744401,9.757609,2.981503,116.927681
5.9998260,-0.251391,0.440533,9.742006,9.755201,2.980386,119.711334
6.0048003,-0.256180,0.409408,9.698911,9.710928,2.850736,122.035492
6.0098052,-0.237026,0.404620,9.677363,9.688718,2.774176,120.361725
6.0148101,-0.208296,0.397437,9.631873,9.642320,2.667338,117.658875
6.0198150,-0.193930,0.407014,9.615114,9.625679,2.684674,115.476425
6.0248199,-0.201113,0.387861,9.651027,9.660911,2.591934,117.407578
6.0298247,-0.167594,0.414197,9.706094,9.716373,2.635816,112.029449
6.0347991,-0.179565,0.430956,9.737218,9.748404,2.745022,112.619865
6.0398045,-0.198719,0.435745,9.763555,9.775293,2.808189,114.515076
6.0448089,-0.229843,0.411803,9.787497,9.798852,2.758609,119.167610
6.0498137,-0.234632,0.411803,9.787497,9.798965,2.772341,119.673080
6.0548186,-0.237026,0.390255,9.780313,9.790966,2.672982,121.272903
6.0598235,-0.215478,0.378284,9.780313,9.789998,2.548756,119.666718
6.0647979,-0.160412,0.354342,9.785102,9.792830,2.276323,114.356392
6.0698028,-0.114922,0.349553,9.792285,9.799196,2.152041,108.199165
6.0748076,-0.102951,0.349553,9.785102,9.791885,2.132858,106.410782
6.0798125,-0.119710,0.342371,9.727641,9.734400,2.135242,109.272194
6.0848174,-0.153229,0.339977,9.701305,9.708469,2.201226,114.261292
6.0898218,-0.174777,0.361524,9.672575,9.680906,2.377182,115.801147
6.0948272,-0.220267,0.375890,9.651027,9.660855,2.584674,120.369759
6.0998015,-0.227449,0.378284,9.648633,9.658724,2.619278,121.017059
6.1048069,-0.225055,0.411803,9.653421,9.664822,2.783193,118.657120
6.1098108,-0.189142,0.418985,9.655815,9.666752,2.725701,114.295776
6.1148162,-0.165200,0.418985,9.672575,9.683055,2.665943,111.518608
6.1198211,-0.174777,0.397437,9.706094,9.715800,2.561320,113.737923
6.1248260,-0.191536,0.380678,9.715671,9.725012,2.511468,116.709007
6.1298003,-0.258574,0.330400,9.746795,9.755820,2.464740,128.047043
6.1348052,-0.275333,0.304064,9.789890,9.798480,2.399309,132.161209
6.1398101,-0.275333,0.294487,9.811439,9.819717,2.352934,133.074814
6.1448150,-0.256180,0.289698,9.844957,9.852550,2.249424,131.486252
6.1498199,-0.246603,0.308852,9.811439,9.819396,2.306814,128.605606
6.1548247,-0.263362,0.301669,9.756371,9.764586,2.350437,131.121475
6.1597991,-0.272939,0.323217,9.694122,9.703348,2.498732,130.179230
6.1648040,-0.275333,0.318429,9.653421,9.662596,2.496930,130.848709
6.1698089,-0.287304,0.313640,9.653421,9.662787,2.522898,132.490631
6.1748137,-0.287304,0.301669,9.660604,9.669581,2.469182,133.602814
6.1798186,-0.272939,0.280122,9.674969,9.682871,2.314945,134.255936
6.1848235,-0.284910,0.289698,9.670180,9.678713,2.405989,134.522552
6.1897979,-0.308852,0.272939,9.658210,9.667001,2.443685,138.532288
6.1948032,-0.313640,0.313640,9.655815,9.665998,2.630092,135.000000
6.1998076,-0.253785,0.316035,9.629479,9.638006,2.410297,128.765518
6.2048125,-0.201113,0.342371,9.665392,9.673544,2.352351,120.430511
6.2098174,-0.162806,0.354342,9.725247,9.733062,2.296099,114.676865
6.2148223,-0.186748,0.356736,9.787497,9.795775,2.355760,117.631607
6.2198272,-0.208296,0.371101,9.830592,9.839799,2.478756,119.305077
6.2248015,-0.253785,0.359130,9.837775,9.847599,2.559485,125.247574
6.2298064,-0.222661,0.356736,9.797073,9.806094,2.457821,121.970802
6.2348113,-0.222661,0.328006,9.720459,9.728539,2.335400,124.169922
6.2398162,-0.196325,0.306458,9.624691,9.631570,2.165550,122.644638
6.2448206,-0.160412,0.277727,9.581595,9.586962,1.917140,120.010139
6.2498260,-0.141258,0.275333,9.540894,9.545911,1.857726,117.159798
6.2548003,-0.124498,0.287304,9.555259,9.560388,1.876801,113.428696
6.2598057,-0.196325,0.289698,9.605537,9.611910,2.086473,124.124947
6.2648101,-0.239420,0.339977,9.660604,9.669548,2.464581,125.154175
6.2698150,-0.294487,0.339977,9.672575,9.683027,2.662416,130.899017
6.2748199,-0.311246,0.347159,9.682152,9.693372,2.756976,131.877869
6.2798247,-0.330400,0.351948,9.713276,9.725265,2.845238,133.191254
6.2847991,-0.337582,0.330400,9.789890,9.801279,2.762367,135.616058
6.2898040,-0.320823,0.318429,9.842564,9.852938,2.629497,135.214584
6.2948089,-0.332794,0.287304,9.895236,9.904999,2.544067,139.195648
6.2998137,-0.311246,0.280122,9.931149,9.939972,2.414354,138.012787
6.3048186,-0.323217,0.280122,9.974244,9.983410,2.455351,139.085617
6.3098235,-0.316035,0.287304,9.969456,9.978601,2.453118,137.726318
6.3147979,-0.311246,0.313640,9.923966,9.933799,2.549447,134.780472
6.3198028,-0.330400,0.325611,9.856929,9.867838,2.694426,135.418213
6.3248076,-0.339977,0.347159,9.794679,9.806724,2.840004,134.401108
6.3298125,-0.368707,0.349553,9.706094,9.719382,2.996436,136.527527
6.3348169,-0.387861,0.349553,9.658210,9.672313,3.094400,137.973740
6.3398223,-0.411803,0.339977,9.646238,9.661008,3.168606,140.457550
6.3448272,-0.418985,0.371101,9.631873,9.648121,3.325607,138.468231
6.3498020,-0.457293,0.337582,9.617508,9.634290,3.382288,143.564514
6.3548064,-0.486023,0.332794,9.615114,9.633141,3.505708,145.599426
6.3598113,-0.519542,0.330400,9.610326,9.630029,3.665754,147.545898
6.3648162,-0.541090,0.335188,9.619903,9.640937,3.785480,148.223068
6.3698211,-0.533907,0.328006,9.651027,9.671348,3.714834,148.435516
6.3748260,-0.557849,0.347159,9.708488,9.730696,3.871711,148.105270
6.3798003,-0.550666,0.347159,9.780313,9.801953,3.807915,147.771240
6.3848052,-0.500388,0.325611,9.835381,9.853483,3.473615,146.947235
6.3898101,-0.486023,0.287304,9.900024,9.916110,3.263988,149.411270
6.3948150,-0.414197,0.251391,9.938332,9.950135,2.791059,148.744919
6.3998194,-0.416591,0.220267,9.938332,9.949497,2.714691,152.132996
6.4048247,-0.409408,0.189142,9.885659,9.895941,2.612020,155.203613
6.4097991,-0.435745,0.165200,9.835381,9.846415,2.712744,159.237228
6.4148040,-0.454898,0.124498,9.753978,9.765373,2.768242,164.693863
6.4198089,-0.509965,0.126893,9.674969,9.689231,3.109106,166.027069
6.4248137,-0.553061,0.119710,9.627085,9.643701,3.363888,167.786728
6.4298186,-0.584185,0.160412,9.593566,9.612675,3.613301,164.645584
6.4348235,-0.572214,0.203507,9.603143,9.622328,3.618715,160.422150
6.4397979,-0.541090,0.241814,9.634268,9.652480,3.520199,155.919998
6.4448028,-0.565032,0.280122,9.679757,9.700280,3.727726,153.629501
6.4498076,-0.593762,0.294487,9.715671,9.738251,3.902492,153.620071
6.4548125,-0.622492,0.301669,9.739613,9.764147,4.062547,154.144455
6.4598174,-0.656011,0.311246,9.725247,9.752316,4.269850,154.617874
6.4648223,-0.658405,0.304064,9.710882,9.737926,4.271043,155.211655
6.4698267,-0.667982,0.313640,9.703699,9.731718,4.348841,154.848343
6.4748015,-0.620098,0.316035,9.684546,9.709522,4.110565,152.994217
6.4798064,-0.577003,0.337582,9.655815,9.678928,3.960420,149.669708
6.4848118,-0.529119,0.363919,9.643845,9.665203,3.809766,145.480484
6.4898157,-0.488417,0.371101,9.641450,9.660943,3.640348,142.772293
6.4948211,-0.469264,0.361524,9.631873,9.650072,3.519364,142.389053
6.4998260,-0.500388,0.351948,9.653421,9.672787,3.626174,144.879395
6.5048008,-0.495600,0.301669,9.706094,9.723419,3.420851,148.671310
6.5098052,-0.524330,0.253785,9.773131,9.790477,3.411108,154.172165
6.5148101,-0.538695,0.237026,9.840169,9.857754,3.422797,156.250504
6.5198150,-0.519542,0.213084,9.873688,9.889643,3.255039,157.699585
6.5248199,-0.483629,0.229843,9.911995,9.926448,3.092248,154.580704
6.5298247,-0.502782,0.225055,9.890448,9.905776,3.187824,155.885803
6.5347991,-0.478840,0.225055,9.859323,9.873508,3.071732,154.826477
6.5398040,-0.483629,0.237026,9.890448,9.905101,3.116966,153.890579
6.5448089,-0.471658,0.229843,9.890448,9.904355,3.036671,154.019577
6.5498142,-0.469264,0.222661,9.895236,9.908858,3.004721,154.616135
6.5548191,-0.495600,0.201113,9.892841,9.907289,3.094590,157.912827
6.5598235,-0.481235,0.213084,9.842564,9.856625,3.060814,156.116898
6.5647979,-0.476446,0.215478,9.739613,9.753639,3.073133,155.664597
6.5698028,-0.457293,0.215478,9.615114,9.628394,3.009604,154.769989
6.5748072,-0.450110,0.222661,9.564836,9.578009,3.005373,153.679276
6.5798120,-0.426168,0.217872,9.564836,9.576803,2.864710,152.922241
6.5848174,-0.450110,0.220267,9.557653,9.570782,3.001331,153.924652
6.5898223,-0.440533,0.203507,9.567230,9.579529,2.903601,155.205109
6.5948272,-0.493206,0.222661,9.576807,9.592083,3.234040,155.702896
6.5998015,-0.505177,0.227449,9.581595,9.597599,3.309201,155.760971
6.6048064,-0.509965,0.217872,9.610326,9.626312,3.302509,156.866364
6.6098113,-0.483629,0.232238,9.655815,9.670709,3.180262,154.349777
6.6148162,-0.445322,0.241814,9.701305,9.714531,2.990092,151.497559
6.6198211,-0.421380,0.265756,9.742006,9.754736,2.927437,147.761108
6.6248260,-0.385466,0.272939,9.816227,9.827583,2.754703,144.698669
6.6298003,-0.373495,0.299275,9.871294,9.882890,2.775798,141.295425
6.6348052,-0.339977,0.294487,9.878476,9.888711,2.606994,139.100983
6.6398101,-0.359130,0.311246,9.892841,9.904249,2.750223,139.085617
6.6448145,-0.363919,0.311246,9.868899,9.880510,2.777983,139.460846
6.6498199,-0.407014,0.323217,9.837775,9.851495,3.024203,141.546295
6.6548247,-0.411803,0.335188,9.823410,9.837749,3.093894,140.856018
6.6597996,-0.462081,0.351948,9.789890,9.807106,3.395402,142.705002
6.6648040,-0.488417,0.363919,9.730036,9.749082,3.582007,143.310272
6.6698089,-0.502782,0.354342,9.698911,9.718396,3.628819,144.825272
6.6748137,-0.488417,0.339977,9.651027,9.669356,3.528476,145.159058
6.6798186,-0.469264,0.289698,9.629479,9.645258,3.277755,148.311020
6.6848235,-0.421380,0.289698,9.629479,9.643047,3.039764,145.491486
6.6897979,-0.383072,0.263362,9.662998,9.674173,2.754206,145.491470
6.6948028,-0.380678,0.265756,9.696517,9.707625,2.741240,145.080597
6.6998076,-0.426168,0.265756,9.734824,9.747771,2.953400,148.052521
6.7048125,-0.462081,0.284910,9.744401,9.759511,3.188684,148.342834
6.7098169,-0.474052,0.304064,9.753978,9.770223,3.304464,147.323318
6.7148223,-0.493206,0.294487,9.756371,9.773268,3.369587,149.159103
6.7198272,-0.466869,0.308852,9.746795,9.762856,3.287059,146.513824
6.7248015,-0.469264,0.304064,9.749189,9.765211,3.282529,147.058411
6.7298064,-0.476446,0.292093,9.756371,9.772364,3.278292,148.488983
6.7348108,-0.476446,0.306458,9.770737,9.787145,3.318181,147.250229
6.7398162,-0.471658,0.304064,9.789890,9.805961,3.280680,147.191330
6.7448211,-0.438139,0.299275,9.753978,9.768399,3.113762,145.664581
6.7498260,-0.414197,0.275333,9.708488,9.721219,2.932714,146.386429
6.7548003,-0.426168,0.265756,9.674969,9.687996,2.971638,148.052521
6.7598052,-0.421380,0.253785,9.679757,9.692247,2.909124,148.940598
6.7648101,-0.404620,0.265756,9.686940,9.699028,2.860813,146.702896
6.7698150,-0.438139,0.222661,9.734824,9.747223,2.890221,153.060471
6.7748199,-0.469264,0.244209,9.785102,9.799391,3.094527,152.507156
6.7798247,-0.493206,0.237026,9.794679,9.809952,3.197574,154.331879
6.7847991,-0.495600,0.260968,9.777920,9.793949,3.278531,152.230057
6.7898040,-0.538695,0.256180,9.780313,9.798488,3.490203,154.566315
6.7948093,-0.588974,0.282516,9.773131,9.794938,3.823977,154.374146
6.7998133,-0.591368,0.320823,9.775525,9.798650,3.937113,151.519730
6.8048186,-0.555455,0.342371,9.744401,9.766223,3.830935,148.351181
6.8098235,-0.533907,0.335188,9.864111,9.884234,3.656716,147.879288
6.8147974,-0.512359,0.308852,9.959879,9.977830,3.437409,148.918274
6.8198028,-0.500388,0.265756,9.955091,9.971201,3.257444,152.027206
